B44489153  36  83  25  48
C44233619  92  42  30  55
C44578373  76  95  59  76
E44933766  98  60  76  76
C44560656  50  90  76  69
C44642395  63  60  41  54
A44987020  53  44  66  52
C44720991  64  76  34  58
C44749622  46  92  38  58
C44105756  69  74  30  58
C44270584  89  59  37  62
C44780626  82  72  84  77
L44722342  89  98  86  89
C44470562  75  60  49  61
C44815822  37  45  66  47
C44919913  66  76  25  56
C44562980  83  47  78  67
L44308423  57  68  32  52
C44420675  78  78  36  64
C44689176  41  98  98  75
E44302040  35  52  49  44
C44982866  84  60  68  69
L44913554  46  44  46  44
C44889868  42  62  46  49
C44672248  37  44  53  43
A44689269  59  67  71  63
C44399445  62  49  35  48
E44315809  85  93  77  83
C44713371  88  87  33  70
E44502515  92  66  54  70
C44309050  45  81  45  56
L44761318  66  51  70  60
C44125824  44  75  67  60
C44823872  40  62  76  56
C44961659  98  91  38  76
C44319358  40  91  79  67
C44940622  46  60  54  52
C44749545  54  41  37  43
E44565075  85  47  71  66
C44350973  86  75  37  66
B44435577  80  62  78  71
C44222637  80  80  58  72
E44216517  65  57  29  50
C44871865  95  84  67  81
C44490106  55  99  45  66
C44656709  90  56  63  69
E44485358  51  65  35  50
C44874880  75  41  92  66
C44442113  95  93  90  91
L44788124  92  56  36  62
