 2016 2 521 2 22.892258.4312026.39 21.452.2455 10.8 71 .27  .2  .3 F 88B
 SHH   10.8 310 137   0148.47  .22 2.00152.79  .50 2.00  .00  .00  .00  .00 0    .0
 CHN3  13.6 326 131   0148.76  .47 4.00153.35  .76 3.00  .36  .50 2.34 2.48 0    .0
 TWM1  16.9 177 131   0149.20  .38 2.00154.88 1.57 4.00  .17  .00 2.19  .00 0    .0
 SGS   19.4  58 126   0148.32 -.42  .00153.01 -.05 1.00  .13  .00 2.19  .00 0    .0
 SLG   21.2  83 123+  0148.88 -.05  .00153.47  .21 3.00  .00  .00  .00  .00 0    .0
 TAI1  21.9 290 110   0149.22  .14 3.00153.87  .13 3.00  .46  .00 2.56  .00 0    .0
 SSH   23.7 325 121   0149.37  .16 4.00154.75  .34 3.00  .00  .75  .00 2.87 0    .0
 CHN1  25.1  21 105-  0149.68  .03  .00154.34 -.12  .00 -.27  .00 1.88  .00 0    .0
 SNJ   26.7 213 104   0149.89 -.11 4.00   .00  .00  .00  .00  .82  .00 2.99 0    .0
 SNS   27.9   3 103   0149.95  .02 3.00   .00  .00  .00  .00  .00  .00  .00 0    .0
 SGL   28.3 168 113   0150.12 -.29 3.00   .00  .00  .00  .21  .00 2.41  .00 0    .0
 SSD   32.6 136 113   0150.40  .00  .00155.99  .11 1.00 -.29  .00 1.97  .00 0    .0
 TWL   32.8  11 100-  0150.62 -.03 1.00156.49  .11 1.00 -.80  .00 1.46  .00 0    .0
 SCL   32.8 313 100   0150.26 -.38 2.00156.52 -.10 1.00  .49  .49 2.75 2.75 0    .0
 WTP   35.3  32  99   0151.12  .16 1.00157.18  .44  .00 -.12  .00 2.18  .00 0    .0
 SMG   36.3 140 111   0150.77 -.27 2.00157.19  .19 2.00  .00  .00  .00  .00 0    .0
 STYH  40.7  57  88   0152.23  .87 2.00157.95  .37 3.00  .00  .00  .00  .00 0    .0
 TPUB  41.1  38  91   0151.65  .38 2.00157.94  .21 2.00 -.40  .00 1.99  .00 0    .0
 MASB  44.7 141  83   0152.10 -.37 2.00159.14 -.08 1.00 -.41  .00 2.03  .00 0    .0
 CHN4  44.7  30  90   0152.04 -.24 2.00159.34  .13 3.00 -.42  .00 2.02  .00 0    .0
 ICHU  45.8 340  88   0152.03 -.44 3.00159.83 -.54 3.00  .00  .51  .00 2.97 0    .0
 SSP   55.8 154  77   0154.47 -.39 2.00163.84  .24 2.00  .00  .00  .00  .00 0    .0
 CHY   57.8   1  67   0153.96 -.31 3.00   .00  .00  .00  .00  .00  .00  .00 0    .0
 ELD   64.3  68  88   0155.25  .23 3.00164.46 1.04 3.00 -.72  .00 1.99  .00 0    .0
 WSL   64.5 341  81   0154.09-1.43 4.00   .00  .00  .00  .00  .00  .00  .00 0    .0
 TWGB  67.6 104  81   0155.66  .25 2.00165.31  .27 3.00 -.80  .00 1.95  .00 0    .0
 ECL   67.8 128  99   0155.63 -.08 3.00   .00  .00  .00 -.83  .00 1.92  .00 0    .0
 SCZ   69.5 153  77   0156.05  .18 2.00165.39  .02 3.00 -.82  .00 1.95  .00 0    .0
 ALS   70.5  39  90   0155.94 -.28 2.00165.59 -.23 2.00 -.28  .00 2.50  .00 0    .0
 LONT  70.9  87  83   0156.32  .29 3.00   .00  .00  .00  .00  .00  .00  .00 0    .0
 CHN5  73.2   6  70   0156.59  .17 2.00166.68  .08 2.00  .13  .00 2.95  .00 0    .0
 EAS   78.2 136  78   0157.60  .01 3.00168.90 1.19 3.00 -.37  .00 2.50  .00 0    .0
 WTK   79.2  10  68   0156.76 -.53 4.00   .00  .00  .00  .00  .00  .00  .00 0    .0
 WDLH  79.6   8  66   0157.74  .53 4.00   .00  .00  .00  .00  .00  .00  .00 0    .0
 ECS   80.7  80  76   0157.42 -.60 4.00   .00  .00  .00  .00  .00  .00  .00 0    .0
 TAWH  83.8 137  78   0158.07 -.23 3.00169.71  .84 3.00  .00  .00  .00  .00 0    .0
 FULB  90.7  73  78   0159.18  .29 3.00172.89 2.11 4.00  .00  .00  .00  .00 0    .0
 SLIU  91.6 157  50   0159.31 -.50 3.00171.40 -.74 3.00  .00  .00  .00  .00 0    .0
 WML   94.5   1  66   0158.47 -.98 4.00   .00  .00  .00  .00  .00  .00  .00 0    .0
 TWF1  97.8  64  78   0160.06 -.11 3.00172.39  .13 3.00-1.10  .00 1.90  .00 0    .0
 WJS   98.5  18  67   0158.96-1.23 4.00   .00  .00  .00  .00  .00  .00  .00 0    .0
 EYUL  98.9  65  76   0159.36 -.73 4.00   .00  .00  .00  .00  .00  .00  .00 0    .0
 YULB  99.1  61  78   0159.92  .14 3.00172.47 -.05 3.00-1.07  .00 1.94  .00 0    .0
 SSLB 104.3  29  61   0159.68-1.01 3.00174.73  .39 3.00-1.28  .00 1.76  .00 0    .0
 VCHM 106.3 285  67   0159.52-1.50 4.00   .00  .00  .00 -.46  .00 2.59  .00 0    .0
 PHUB 106.7 316  72   0159.05-1.29 3.00   .00  .00  .00 -.48  .00 2.57  .00 0    .0
 EHY  108.0  57  78   0161.40 -.41 4.00174.49 -.71 3.00 -.94  .00 2.12  .00 0    .0
 SML  111.4  16  70   0161.42 -.59 3.00   .00  .00  .00 -.91  .00 2.17  .00 0    .0
 TYC  112.1  14  70   0161.55 -.56 3.00   .00  .00  .00-1.23  .00 1.85  .00 0    .0
 VWDT 112.2  21  55   0161.40 -.95 4.00   .00  .00  .00-1.37  .00 1.71  .00 0    .0
 HGSD 115.7  60  90   0163.73 1.07 3.00178.64  .94 2.00-1.03  .00 2.07  .00 0    .0
 WUSB 132.3  30  57   0164.46 -.30 4.00   .00  .00  .00-1.05  .00 2.14  .00 0    .0
 CHGB 141.8  31  58   0167.23  .93 4.00   .00  .00  .00 -.95  .00 2.29  .00 0    .0
 WHP  153.4  18  55   0167.05-1.32 4.00   .00  .00  .00  .00  .00  .00  .00 0    .0
 TWQ1 156.0  16  52   0166.91-1.28 3.00   .00  .00  .00 -.47  .00 2.84  .00 0    .0
