 2016 2 52137 46.9023  .0812034.10 12.761.0612  8.0107 .26  .6  .6 F 20B
 SLG    8.0  97 127  36110.15 -.15 2.00113.36  .65 2.00  .00  .00  .00  .00 0    .0
 SGS    9.0  15 144  36109.98 -.43 1.00113.08  .05 3.00 -.59  .00 1.11  .00 0    .0
 CHN1  20.7 355 105  36112.40  .14 2.00116.46  .19 2.00 -.87  .00 1.08  .00 0    .0
 SHH   22.6 275 102  36113.45  .28 2.00   .00  .00  .00  .00  .00  .00  .00 0    .0
 SNS   25.3 343  88  36   .00  .00  .00117.62 -.05 2.00  .00  .00  .00  .00 0    .0
 WTP   27.4  12 100  36113.31 -.09 1.00118.16  .08 3.00 -.94  .00 1.15  .00 0    .0
 STYH  28.3  54 101  36113.54  .33 2.00117.78  .00 3.00  .00  .00  .00  .00 0    .0
 SSD   29.4 160  99  36   .00  .00  .00117.75  .06 3.00 -.96  .00 1.16  .00 0    .0
 SMG   33.7 162  97  36113.75 -.18 3.00118.42 -.36 3.00  .00  .00  .00  .00 0    .0
 TPUB  33.7  11  76  36114.06  .16 2.00119.48 -.01 2.00-1.34  .00  .87  .00 0    .0
 CHN4  38.9   4  76  36115.04 -.06 3.00121.22 -.13 2.00 -.98  .00 1.31  .00 0    .0
 MASB  43.6 168  94  36   .00  .00  .00121.21 -.97 3.00-1.62  .00  .75  .00 0    .0
