 2016 2 52127 24.122259.6812019.83 31.801.8611  3.41400.31 1.5 1.1 F 20C 
 SHH    3.4  31 173  25149.47-0.21 1.00153.84 0.09 1.00 0.00 0.00 0.00 0.00  
 CHN3   9.6  21 159  25149.67-0.22 3.00154.94 0.82 3.00 0.01 0.00 2.16 0.00  
 TAI1  10.8 296 157  25150.30 0.34 3.00154.05-0.19 3.00 0.25 0.00 2.41 0.00  
 SSH   16.2 344 146  25150.42 0.08 4.00155.17 0.27 4.00 0.00 0.51 0.00 2.71 0   0.1
 TWM1  21.8 151 136  25150.78-0.06 3.00156.06 0.29 3.00-0.09 0.00 2.16 0.00  
 SGS   28.3  70 126  25151.16-0.39 3.00157.07 0.07 3.00-0.71 0.00 1.61 0.00  
 CHN1  29.3  43 125  25152.06 0.40 3.00156.97-0.22 3.00-0.94 0.00 1.39 0.00  
 SSD   42.2 131 110  25153.09-0.21 3.00  0.00 0.00 0.00-1.05 0.00 1.44 0.00  
 MASB  52.5 143 101  25154.55-0.16 3.00162.29-0.17 3.00-1.25 0.00 1.37 0.00  
 ELD   74.3  73  69  25158.76 1.22 3.00  0.00 0.00 0.00-1.27 0.00 1.60 0.00  
 SCZ   75.6 156  69  25158.13 0.42 3.00167.87 0.21 3.00-1.12 0.00 1.76 0.00  
