 2016 2 52059 58.3023  .8112034.24 12.731.9123  7.7 62 .25  .3  .3 F 38B
 SGS    7.7  16 149   0  1.34 -.30  .00  4.23  .09 1.00  .30  .00 1.97  .00 0    .0
 SLG    8.0 106 127   0   .00  .00  .00  4.56  .46 3.00  .00  .00  .00  .00 0    .0
 CHN1  19.5 354 106   0  3.47  .04 2.00  7.34  .06 1.00 -.01  .00 1.91  .00 0    .0
 SHH   22.8 272 101   0  4.60 -.01 2.00  9.71  .27 3.00  .00  .00  .00  .00 0    .0
 SNS   24.0 347 103   0  4.05 -.15 3.00  8.37 -.30 2.00  .00  .00  .00  .00 0    .0
 TWM1  25.7 210 101   0  5.41  .57 3.00   .00  .00  .00 -.27  .00 1.78  .00 0    .0
 WTP   26.0  12 101   0  4.51 -.04 1.00  9.14  .09 2.00 -.21  .00 1.85  .00 0    .0
 STYH  27.2  56 100   0  4.82  .40 3.00  9.63  .74 3.00  .00  .00  .00  .00 0    .0
 TWL   28.6 346  88   0  5.19  .19 2.00  9.71 -.33 2.00 -.63  .00 1.48  .00 0    .0
 SSD   30.6 157  87   0  4.98  .12  .00  9.50  .04 1.00 -.14  .00 2.01  .00 0    .0
 TPUB  32.4  11  76   0  5.37  .31 2.00 10.53  .05 2.00 -.58  .00 1.60  .00 0    .0
 SMG   35.0 163  97   0  5.03 -.53 3.00 10.63  .05 2.00  .00  .00  .00  .00 0    .0
 SCL   41.6 294  69   0  7.68  .08 3.00 15.26  .23 4.00  .41  .45 2.75 2.79 0    .0
 MASB  44.9 169  94   0  7.04 -.50 1.00 13.37 -.60 1.00 -.91  .00 1.48  .00 0    .0
 ICHU  48.6 322  70   0  8.27 -.21 3.00   .00  .00  .00  .00  .00  .00  .00 0    .0
 ELD   50.2  67  68   0  8.94  .58 4.00   .00  .00  .00-1.05  .00 1.43  .00 0    .0
 CHY   55.2 343  70   0  9.21 -.18 3.00   .00  .00  .00  .00  .00  .00  .00 0    .0
 TWGB  56.3 101  67   0  9.72  .77 2.00 17.37 -.23 1.00 -.48  .00 2.09  .00 0    .0
 LONT  58.3 102  63   0 10.61  .93 3.00   .00  .00  .00  .00  .00  .00  .00 0    .0
 ALS   60.2  23  71   0  9.65 -.38 3.00   .00  .00  .00 -.73  .00 1.89  .00 0    .0
 ECL   61.1 140  91   0  9.79 -.05 2.00 17.79 -.21  .00 -.94  .00 1.69  .00 0    .0
 CHN5  65.6  10  73   0 10.47 -.19 2.00 20.32  .11 2.00  .13  .00 2.82  .00 0    .0
 EAS   75.9 154  87   0 12.45  .07 3.00   .00  .00  .00 -.95  .00 1.88  .00 0    .0
