 2016 2 521 6  1.962255.5112033.71 18.401.6824  8.2 65 .36  .4  .5 F 37B
 SCS    8.2 239 156   4126.50  .15 4.00   .00  .00  .00  .00  .00  .00  .00 0    .0
 SLG   11.5  58 128   4126.21 -.27 1.00129.58 -.10 3.00  .00  .00  .00  .00 0    .0
 SGS   17.4   9 119   4126.44 -.80 2.00130.79 -.39 1.00 -.24  .00 1.74  .00 0    .0
 TWM1  17.7 231 136   4126.83 -.77 2.00131.22 -.59 3.00  .11  .00 2.09  .00 0    .0
 SSD   21.6 157 129   4127.53  .07  .00131.60  .26  .00 -.27  .00 1.78  .00 0    .0
 SHH   24.3 302 113   4128.67 -.11 2.00134.18  .00 1.00  .00  .00  .00  .00 0    .0
 SMG   25.8 159 124   4127.90 -.17 2.00132.43  .05 3.00  .00  .00  .00  .00 0    .0
 CHN1  29.0 353  97   4129.09  .16 1.00134.37  .11 3.00 -.68  .00 1.49  .00 0    .0
 SNS   33.3   1  87   4129.51 -.06 3.00   .00  .00  .00  .00  .00  .00  .00 0    .0
 STYH  34.9  38  85   4130.02  .57 3.00136.95 2.05 4.00  .00  .00  .00  .00 0    .0
 MASB  35.4 157  86   4129.50 -.27 1.00134.91 -.38 1.00 -.81  .00 1.47  .00 0    .0
 WTP   35.8  10  86   4130.35  .48 1.00136.34  .55 3.00 -.70  .00 1.58  .00 0    .0
 TWL   38.0   2  87   4130.21 -.08 3.00   .00  .00  .00-1.04  .00 1.28  .00 0    .0
 TPUB  42.2   9  85   4130.98  .74 2.00137.63  .78 3.00 -.84  .00 1.54  .00 0    .0
 CHN4  47.3   4  84   4131.75  .30 2.00139.24  .55 2.00 -.75  .00 1.71  .00 0    .0
 TWGB  54.3 101  97   4133.11  .90 3.00   .00  .00  .00 -.98  .00 1.58  .00 0    .0
 ECL   54.8 137  90   4132.11 -.35 3.00139.56 -.27 2.00 -.85  .00 1.72  .00 0    .0
 ELD   55.5  58  84   4133.39  .67 3.00   .00  .00  .00 -.78  .00 1.80  .00 0    .0
 LONT  58.1  81  79   4134.34 1.23 4.00   .00  .00  .00  .00  .00  .00  .00 0    .0
 SCZ   61.8 166  84   4135.03 1.41 3.00   .00  .00  .00 -.80  .00 1.86  .00 0    .0
 EAS   67.3 150  96   4135.11  .54 3.00   .00  .00  .00-1.05  .00 1.68  .00 0    .0
 ALS   69.5  22  86   4135.60  .57 4.00   .00  .00  .00 -.81  .00 1.95  .00 0    .0
 FULB  80.7  67  79   4138.85 2.38 4.00   .00  .00  .00  .00  .00  .00  .00 0    .0
 YULB  91.2  55  71   4138.49  .87 4.00   .00  .00  .00-1.37  .00 1.58  .00 0    .0
