 2016 2 521 0 42.832257.8612030.99 26.281.6716 13.7 800.32 1.5 1.8 F 22A 
 SLG   13.7  76 147   0 48.26 0.08 2.00 52.29 0.19 3.00 0.00 0.00 0.00 0.00  
 SGS   14.9  30 144   0 48.01-0.28 1.00 52.60 0.31 2.00-0.32 0.00 1.77 0.00  
 TWM1  18.1 209 138   0 49.14 0.54 4.00  0.00 0.00 0.00 0.01 0.00 2.13 0.00  
 SHH   18.4 290 137   0 48.61-0.02 2.00  0.00 0.00 0.00 0.00 0.00 0.00 0.00  
 CHN1  24.5   2 127   0 50.35 1.03 3.00 53.99-0.08 0.00-0.21 0.00 1.99 0.00  
 SSD   27.5 152 122   0 50.02 0.32 1.00 54.39-0.34 2.00-0.78 0.00 1.46 0.00  
 SNS   28.4 356 121   0 50.09 0.27 3.00 54.37-0.56 3.00 0.00 0.00 0.00 0.00  
 SSH   30.2 309 119   0 50.06 0.01 3.00  0.00 0.00 0.00 0.00 0.00 0.00 0.00  
 SMG   31.6 155 117   0 50.06-0.18 3.00  0.00 0.00 0.00 0.00 0.00 0.00 0.00  
 TWL   33.3 357 115   0 51.03 0.55 3.00  0.00 0.00 0.00-0.84 0.00 1.48 0.00  
 STYH  36.1  48 112   0 49.97-0.89 3.00  0.00 0.00 0.00 0.00 0.00 0.00 0.00  
 TPUB  39.0  17 109   0 51.90 0.63 3.00  0.00 0.00 0.00-1.00 0.00 1.40 0.00  
 SCL   39.7 305 108   0 51.22-0.16 4.00 56.03-1.60 4.00 0.00 0.00 0.00 0.00  
 MASB  40.8 162 107   0 51.52-0.02 2.00  0.00 0.00 0.00-1.31 0.00 1.11 0.00  
 CHN4  43.6  10 104   0 51.57-0.36 3.00  0.00 0.00 0.00-0.50 0.00 1.96 0.00  
 SCZ   66.8 170  69   0 56.25 0.95 4.00  0.00 0.00 0.00-1.03 0.00 1.73 0.00  
