 2016 2 52147 26.922258.3812018.55 26.361.6919  6.71380.27 0.7 0.8 F 37C 
 SHH    6.7  36 163  46 91.50-0.32 1.00 95.72 0.31 1.00 0.00 0.00 0.00 0.00  
 TAI   11.8 282 151  46 92.39 0.26 1.00 95.07-0.87 2.00 0.00 0.36 0.00 2.42  
 CHN3  12.6  26 149  46  0.00 0.00 0.00 97.26 1.20 3.00-0.12 0.00 1.95 0.00  
 TWM1  20.9 143 133  46 92.59-0.41 1.00 97.61 0.16 1.00-0.12 0.00 2.04 0.00  
 SGS   31.2  67 118  46 93.63-0.66 3.00 99.74 0.06 1.00-0.69 0.00 1.60 0.00  
 CHN1  32.5  43 116  46 94.58 0.12 2.00 99.94-0.04 1.00-1.01 0.00 1.30 0.00  
 SNS   33.4  35 115  46 94.43-0.16 1.00100.48 0.28 1.00 0.00 0.00 0.00 0.00  
 SLG   34.6  86 113  46 94.92 0.17 2.00100.48-0.01 1.00 0.00 0.00 0.00 0.00  
 TWL   37.8  31 110  46 95.12-0.07 2.00101.03-0.21 2.00-1.19 0.00 1.19 0.00  
 SSD   42.4 126 106  46 95.97 0.12 2.00102.27-0.11 2.00-0.92 0.00 1.53 0.00  
 ICHU  43.0 355 105  46 96.12 0.18 2.00102.62 0.07 2.00 0.00 0.00 0.00 0.00  
 WTP   43.9  46 104  46 96.07 0.00 2.00102.72-0.05 1.00-0.87 0.00 1.60 0.00  
 SMG   45.4 130 103  46 96.25-0.04 2.00102.80-0.35 3.00 0.00 0.00 0.00 0.00  
 TPUB  48.9  42 100  46 96.61-0.19 2.00103.51-0.52 2.00-1.16 0.00 1.37 0.00  
 CHN4  51.0  34  99  46 96.46-0.65 3.00104.66 0.09 2.00-0.76 0.00 1.80 0.00  
 MASB  52.0 140  98  46 97.75 0.50 3.00105.15 0.34 3.00-1.17 0.00 1.40 0.00  
 STYH  53.5  64  98  46 97.61 0.14 2.00104.90-0.29 2.00 0.00 0.00 0.00 0.00  
 ELD   77.1  72  69  46101.33 0.53 3.00111.70 0.74 3.00-1.02 0.00 1.85 0.00  
 ALS   78.6  41  69  46100.98-0.03 2.00112.10 0.78 2.00-0.94 0.00 1.94 0.00  
