 2016 2 52141  5.792257.1512035.56 15.011.28 9  7.11170.31 1.2 1.5 F 17B 
 SLG    7.1  50 149  40 68.84-0.26 2.00 71.83 0.31 2.00 0.00 0.00 0.00 0.00  
 SGS   14.2 359 126  40 69.80-0.10 3.00 72.25-0.65 3.00-0.60 0.00 1.25 0.00  
 SSD   23.6 168 108  40 71.59 0.30 1.00 75.19-0.12 2.00-0.61 0.00 1.43 0.00  
 SHH   26.2 286 105  40 72.30 0.59 3.00 75.88-0.15 3.00 0.00 0.00 0.00 0.00  
 CHN1  26.6 345 105  40 71.92 0.16 3.00 76.37 0.24 3.00-0.86 0.00 1.23 0.00  
 SMG   27.9 168 103  40 72.12 0.15 2.00 76.20-0.29 2.00 0.00 0.00 0.00 0.00  
 SNS   31.2 341 101  40 72.04-0.45 3.00 77.44 0.05 3.00 0.00 0.00 0.00 0.00  
 STYH  31.7  37 100  40 72.93 0.36 4.00  0.00 0.00 0.00 0.00 0.00 0.00 0.00  
 WTP   32.4   5 100  40 72.30-0.39 3.00 77.79 0.06 3.00-1.00 0.00 1.20 0.00  
