 2016 2 52122 19.5523 2.3812022.84 29.201.6915  3.9 790.38 1.3 1.3 F 30A 
 SHH    3.9 238 171  20144.15-0.61 2.00148.70 0.12 2.00 0.00 0.19 0.00 2.26 0   0.1
 CHN3   4.3 336 171  20145.40 0.63 3.00148.74 0.15 2.00 0.01 0.00 2.08 0.00  
 SSH   14.3 318 149  20144.98-0.32 3.00149.72 0.20 3.00 0.00 0.00 0.00 0.00  
 SGS   22.0  78 136  20145.50-0.52 3.00150.25-0.51 3.00-0.96 0.00 1.25 0.00  
 CHN1  22.1  43 136  20145.82-0.21 1.00150.58-0.20 1.00-0.44 0.00 1.78 0.00  
 SNS   23.3  30 134  20147.05 0.89 1.00150.92-0.08 2.00 0.00 0.00 0.00 0.00  
 SLG   27.7 100 128  20146.86 0.19 3.00152.21 0.33 3.00 0.00 0.00 0.00 0.00  
 TWL   27.8  26 128  20146.86 0.18 3.00152.00 0.10 3.00-1.12 0.00 1.16 0.00  
 SNJ   32.0 188 122  20147.94 0.73 4.00154.02 1.20 3.00 0.00 0.00 0.00 0.00 0   0.4
 WTP   33.5  47 121  20147.34-0.06 2.00153.00-0.14 3.00-1.02 0.00 1.34 0.00  
 ICHU  37.0 343 117  20147.98 0.12 4.00153.63-0.32 3.00 0.00 0.41 0.00 2.81 0   0.5
 TPUB  38.5  41 116  20147.55-0.51 3.00153.93-0.36 3.00-1.20 0.00 1.22 0.00  
 SSD   42.2 140 113  20148.26-0.30 3.00154.62-0.54 3.00-1.19 0.00 1.28 0.00  
 STYH  43.8  69 111  20149.33 0.54 1.00155.91 0.35 1.00 0.00 0.00 0.00 0.00  
 SMG   45.9 143 110  20149.05-0.03 3.00155.45-0.60 3.00 0.00 0.00 0.00 0.00  
