 2016 2 521 6 36.542258.2912026.58 20.722.0035 11.2 680.30 0.5 1.0 F 55A 
 SHH   11.2 299 147   4161.00 0.04 1.00  0.00 0.00 0.00 0.00 0.45 0.00 2.38  
 CHN3  14.0 324 140   4161.41 0.18 2.00165.88 1.21 4.00 0.28 0.47 2.25 2.44  
 TWM1  16.7 184 134   4162.17 0.64 3.00  0.00 0.00 0.00 0.02 0.00 2.03 0.00  
 SGS   19.4  51 129   4161.16-0.69 1.00165.52-0.22 0.00-0.10 0.00 1.95 0.00  
 SLG   21.0  83 126   4161.83-0.23 2.00166.17 0.07 3.00 0.00 0.00 0.00 0.00  
 CHN1  25.2  20 120-  4162.66 0.03 0.00167.37 0.29 0.00-0.24 0.00 1.90 0.00  
 TAI   25.4 275 120   4162.40-0.25 3.00167.21 0.09 3.00 0.00 0.46 0.00 2.60  
 SNS   28.0  11 116   4162.84-0.19 2.00168.18 0.40 2.00 0.00 0.00 0.00 0.00  
 SSD   32.3 141 112   4163.39-0.26 0.00168.75-0.09 2.00-0.71 0.00 1.54 0.00  
 SPT   32.8 171 111   4164.43 0.71 3.00  0.00 0.00 0.00 0.00 0.00 0.00 0.00  
 TWL   33.0  10 111   4163.53-0.22 2.00169.51 0.48 2.00-0.81 0.00 1.45 0.00  
 WTP   35.3  31 109   4164.00-0.09 0.00170.01 0.39 2.00-0.50 0.00 1.80 0.00  
 SMG   36.0 144 109   4164.05-0.15 2.00  0.00 0.00 0.00 0.00 0.00 0.00 0.00  
 WSS   41.0 207 105   4165.25 0.30 3.00  0.00 0.00 0.00 0.00 0.00 0.00 0.00  
 TPUB  41.1  27 105   4164.73-0.24 1.00171.16 0.01 2.00-0.81 0.00 1.57 0.00  
 STYH  41.6  56 105   4165.42 0.38 3.00171.74 0.48 3.00 0.00 0.00 0.00 0.00  
 MASB  44.3 153 103   4166.51 1.05 3.00172.10 0.11 3.00-0.82 0.00 1.61 0.00  
 CHN4  44.8  20 103   4165.19-0.35 3.00171.69-0.43 2.00-0.58 0.00 1.86 0.00  
 ICHU  46.2 338 102   4165.50-0.25 3.00172.17-0.33 3.00 0.00 0.51 0.00 2.97  
 SSP   55.5 166  99   4167.97 0.78 3.00  0.00 0.00 0.00 0.00 0.00 0.00 0.00  
 CHY   58.1 358  98   4167.16-0.43 4.00  0.00 0.00 0.00 0.00 0.00 0.00 0.00  
 ELD   64.2  68  97   4168.95 0.41 3.00178.09 0.78 3.00-0.79 0.00 1.91 0.00  
 WSL   64.9 340  97   4167.96-0.68 4.00  0.00 0.00 0.00 0.00 0.00 0.00 0.00  
 TWGB  67.5 104  96   4169.55 0.50 3.00178.29 0.09 2.00-0.85 0.00 1.89 0.00  
 ECL   67.6 127  96   4168.89-0.17 3.00  0.00 0.00 0.00-1.21 0.00 1.54 0.00  
 SCZ   69.2 164  96   4169.24-0.08 4.00  0.00 0.00 0.00-0.98 0.00 1.79 0.00  
 ALS   70.5  32  96   4169.55 0.04 3.00179.59 0.59 3.00-0.36 0.00 2.42 0.00  
 LONT  70.8  95  96   4169.71 0.15 4.00179.72 0.63 4.00 0.00 0.00 0.00 0.00  
 CHN5  73.3  19  96   4169.91-0.04 3.00179.71-0.06 3.00 0.00 0.00 0.00 0.00  
 EAS   77.9 146  95   4170.94 0.28 3.00182.52 1.53 4.00-0.77 0.00 2.10 0.00  
 WTK   79.5 355  95   4170.56-0.35 4.00  0.00 0.00 0.00 0.00 0.00 0.00 0.00  
 WDLH  80.0   6  69   4171.04 0.05 4.00  0.00 0.00 0.00 0.00 0.00 0.00 0.00  
 EDH   88.3  89  69   4171.73-0.46 4.00  0.00 0.00 0.00 0.00 0.00 0.00 0.00  
 FULB  90.7  73  69   4173.43 0.88 4.00  0.00 0.00 0.00 0.00 0.00 0.00 0.00  
 SLIU  91.3 156  69   4173.53 0.89 3.00  0.00 0.00 0.00 0.00 0.00 0.00 0.00  
