 2016 2 52144 39.692259.6212036.33 14.692.2814  4.2 820.25 0.7 0.9 F 28A 
 SLG    4.2  90 161  44 42.73-0.01 1.00 45.91 0.94 3.00 0.00 0.00 0.00 0.00  
 SGS    9.7 351 139  44 42.54-0.67 3.00 45.52-0.27 2.00 0.43 0.00 2.19 0.00  
 SCS   16.6 223 119  44 43.83-0.28 2.00 47.48 0.14 2.00 0.00 0.00 0.00 0.00  
 CHN1  22.6 339 108  44 44.90-0.12 1.00 49.17 0.24 1.00 0.30 0.00 2.31 0.00  
 SHH   26.6 276 103  44 45.96 0.31 2.00 51.35 1.33 3.00 0.00 0.62 0.00 2.71  
 STYH  27.3  41 102  44 46.11 0.34 2.00 50.62 0.40 2.00 0.00 0.00 0.00 0.00  
 SNS   27.4 336 102  44 45.63-0.15 2.00 50.08-0.16 1.00 0.00 0.00 0.00 0.00  
 WTP   27.8   3 102  44 45.85 0.01 1.00 51.06 0.72 2.00 0.09 0.11 2.20 2.22  
 SSD   27.8 172 102  44 45.74-0.11 2.00 50.48 0.12 2.00 0.07 0.00 2.18 0.00  
 TWL   31.9 340  99  44 46.62 0.12 2.00 51.34-0.15 2.00-0.37 0.00 1.82 0.00  
 SMG   32.2 172  99  44 46.43-0.11 2.00 51.51-0.05 2.00 0.00 0.00 0.00 0.00  
 TPUB  34.1   4  98  44 46.74-0.11 2.00 52.01-0.07 1.00-0.31 0.00 1.91 0.00  
 CHN4  39.6 358  96  44 47.42-0.32 1.00 53.50-0.13 2.00 0.02 0.00 2.34 0.00  
 ICHU  52.6 320  75  44 49.78 0.00 1.00 57.52 0.35 2.00 0.00 0.41 0.00 2.93  
