 2016 2 52152 34.522258.5912034.55 18.721.0610  7.51570.23 1.3 1.2 F 17C 
 SLG    7.5  75 154  51 98.22-0.14 2.00101.41 0.23 2.00 0.00 0.00 0.00 0.00  
 SGS   11.6   7 142  51  0.00 0.00 0.00100.78-1.02 3.00-1.04 0.00 0.85 0.00  
 CHN1  23.6 348 117  51100.38 0.14 2.00104.70 0.27 3.00-1.07 0.00 1.01 0.00  
 SSD   26.5 165 113  51101.01 0.34 2.00105.12-0.05 3.00-1.16 0.00 0.97 0.00  
 SNS   28.1 343 111  51100.86-0.04 3.00105.46-0.12 3.00 0.00 0.00 0.00 0.00  
 WTP   30.0   9 109  51101.24 0.06 2.00106.05-0.01 2.00-1.03 0.00 1.16 0.00  
 SMG   30.8 166 108  51101.48 0.17 3.00105.91-0.37 2.00 0.00 0.00 0.00 0.00  
 TPUB  36.3   8 103  51102.11-0.04 2.00107.65-0.08 3.00-1.32 0.00 0.97 0.00  
 CHN4  41.6   2  99  51  0.00 0.00 0.00109.04-0.10 3.00-0.98 0.00 1.40 0.00  
 ICHU  52.3 324  96  51  0.00 0.00 0.00112.00-0.02 3.00 0.00 0.00 0.00 0.00  
