 2016 2 52119 48.3323 2.9212031.53 10.921.2512  7.5103 .24  .4  .3 F 22B
 SGS    7.5  63 145  17171.03 -.37 1.00173.87  .18 2.00 -.08  .00 1.53  .00 0    .0
 SLG   13.8 117 103  17172.41 -.07 3.00175.59  .11 3.00  .00  .00  .00  .00 0    .0
 CHN1  15.1   2 124  17172.84  .20 1.00175.79 -.02 1.00 -.34  .00 1.45  .00 0    .0
 SHH   18.4 260 100  17173.31 -.48 3.00178.27  .33 3.00  .00  .00  .00  .00 0    .0
 SNS   19.2 359 101  17173.36 -.01 3.00176.45 -.62 3.00  .00  .00  .00  .00 0    .0
 WTP   23.8  25  98  17174.10 -.03 2.00178.36  .01 2.00 -.65  .00 1.34  .00 0    .0
 TWL   23.9 355  84  17174.21 -.03 3.00178.29 -.34 3.00-1.18  .00  .82  .00 0    .0
 STYH  28.9  63  83  17175.01  .22 3.00179.80  .15 3.00  .00  .00  .00  .00 0    .0
 TPUB  29.9  21  83  17174.48 -.17 3.00179.50 -.29 3.00-1.13  .00  .99  .00 0    .0
 SSD   35.7 152  84  17176.28  .40 3.00   .00  .00  .00 -.81  .00 1.42  .00 0    .0
 MASB  49.6 158  76  17178.30 -.26 3.00185.97  .01 3.00-1.56  .00  .90  .00 0    .0
 ALS   58.8  32  71  17178.93 -.85 3.00   .00  .00  .00-1.05  .00 1.54  .00 0    .0
