 2016 2 52145 15.462254.8712034.43 15.231.6217  8.8 780.32 0.6 0.9 F 32A 
 SCS    8.8 248 143  44 79.44 0.49 4.00  0.00 0.00 0.00 0.00 0.00 0.00 0.00  
 SLG   11.5  40 135  44 78.99-0.25 1.00 82.26 0.25 2.00 0.00 0.00 0.00 0.00  
 SGS   18.5   5 118  44 79.35-0.84 3.00 82.94-0.71 3.00-0.42 0.00 1.52 0.00  
 SSD   20.0 160 115  44 80.70 0.28 2.00 84.34 0.28 2.00-0.34 0.00 1.63 0.00  
 SMG   24.3 162 108  44 81.04-0.03 2.00 84.96-0.22 2.00 0.00 0.00 0.00 0.00  
 SHH   26.0 297 106  44 82.58 1.23 3.00  0.00 0.00 0.00 0.00 0.00 0.00 0.00  
 CHN1  30.3 351 102  44 82.29 0.26 2.00 87.68 0.85 3.00-0.78 0.00 1.38 0.00  
 MASB  34.0 169 100  44 82.71 0.09 2.00 87.63-0.23 2.00-1.02 0.00 1.21 0.00  
 STYH  36.2  35  98  44 82.49-0.48 2.00 88.08-0.38 2.00 0.00 0.00 0.00 0.00  
 WTP   36.8   7  98  44 83.26 0.20 2.00 89.01 0.38 2.00-0.79 0.00 1.49 0.00  
 TAI   39.7 283  97  44 83.49-0.03 2.00 89.34-0.08 2.00 0.00 0.27 0.00 2.59  
 TPUB  43.1   7  75  44 84.07 0.02 2.00 90.04-0.30 2.00-1.05 0.00 1.33 0.00  
 CHN4  48.4   2  75  44 84.84-0.03 1.00 91.79 0.02 2.00-0.80 0.00 1.66 0.00  
 TWGB  53.0 101  75  44 86.14 0.55 2.00 93.22 0.21 2.00-0.73 0.00 1.80 0.00  
 ECL   53.2 131  75  44 85.62 0.00 1.00 92.25-0.81 3.00-0.94 0.00 1.59 0.00  
 LONT  57.0  90  75  44 85.76-0.46 2.00 94.38 0.28 2.00 0.00 0.00 0.00 0.00  
 ICHU  57.9 328  75  44 85.56-0.79 3.00 95.08 0.75 3.00 0.00 0.00 0.00 0.00  
