 2016 2 52151 59.902253.3812037.34 11.421.8621 11.7 900.28 0.6 0.8 F 40B 
 SLG   11.7  12 124  51 62.94-0.39 3.00 66.01 0.18 3.00 0.00 0.00 0.00 0.00  
 SCS   13.2 268 120  51 63.53-0.02 3.00 66.46 0.25 3.00 0.00 0.00 0.00 0.00  
 SSD   16.2 173 113  51 64.21 0.19 2.00 67.19 0.16 2.00 0.27 0.00 2.10 0.00  
 SMG   20.5 173 106  51 64.71-0.02 2.00 68.06-0.20 2.00 0.00 0.00 0.00 0.00  
 SGS   21.4 351 105  51 63.85-1.02 3.00 67.80-0.71 3.00-0.10 0.00 1.85 0.00  
 MASB  30.8 178  98  51 66.36-0.10 2.00 70.76-0.50 3.00-0.66 0.00 1.48 0.00  
 SHH   31.7 297  98  51 67.58 0.96 3.00  0.00 0.00 0.00 0.00 0.00 0.00 0.00  
 CHN1  34.1 343  69  51 66.85-0.16 3.00 72.31 0.09 3.00-0.27 0.00 1.93 0.00  
 STYH  36.0  26  69  51 67.35 0.03 2.00 72.80 0.05 2.00 0.00 0.00 0.00 0.00  
 SNS   38.7 340  69  51 67.74-0.02 2.00 73.65 0.13 2.00 0.00 0.00 0.00 0.00  
 WTP   39.2 359  69  51 67.91 0.07 2.00 73.79 0.14 3.00-0.43 0.00 1.86 0.00  
 TWL   43.4 343  69  51 68.55 0.04 2.00 74.85 0.03 3.00-0.80 0.00 1.56 0.00  
 TPUB  45.5   0  69  51 68.75-0.10 3.00 75.24-0.17 3.00-0.79 0.00 1.61 0.00  
 TWGB  47.6  99  69  51 69.95 0.76 3.00 76.34 0.35 3.00-0.30 0.00 2.13 0.00  
 ECL   47.7 132  69  51 69.12-0.08 3.00 75.14-0.87 3.00-0.32 0.00 2.11 0.00  
 LONT  52.1  87  69  51 70.33 0.42 3.00 77.88 0.64 3.00 0.00 0.00 0.00 0.00  
 ELD   52.8  51  69  51 70.18 0.15 2.00 76.97-0.47 3.00-0.57 0.00 1.94 0.00  
 WSL   80.9 330  69  51  0.00 0.00 0.00 84.92-0.36 3.00 0.00 0.00 0.00 0.00  
 EYUL  87.5  54  69  51 75.48-0.14 3.00 86.47-0.65 3.00 0.00 0.00 0.00 0.00  
 YULB  88.7  51  65  51 75.42-0.39 4.00 86.47-0.98 3.00-1.01 0.00 1.92 0.00  
 WTK   91.6 344  65  51 75.96-0.29 4.00 87.74-0.48 3.00 0.00 0.00 0.00 0.00  
