 2016 2 52113 38.392255.0812037.70 14.792.2124  8.5 46 .40  .4  .3 F 42B
 SLG    8.5  12 150- 13 41.79 -.23 1.00 44.65  .11 1.00  .00  .76  .00 2.50 0    .0
 SCS   14.2 256 136  13 42.23 -.70 4.00   .00  .00  .00  .00  .00  .00  .00 0    .0
 SGS   18.4 348 113+ 13 42.53 -.93 1.00 46.14-1.05 1.00  .40  .00 2.33  .00 0    .0
 SSD   19.3 176 128- 13 43.10  .02  .00 46.31  .04 1.00  .77  .78 2.72 2.73 0    .0
 TWM1  22.9 249 110  13 44.24 -.22 2.00 49.19  .19 2.00  .41  .00 2.43  .00 0    .0
 SMG   23.6 175 122  13 43.62 -.11 2.00 47.10 -.20 2.00  .00  .39  .00 2.42 0    .0
 SGL   25.3 206 108  13 44.89  .09 2.00 49.97  .40 2.00  .40  .00 2.47  .00 0    .0
 SPT   30.0 202 104  13 46.15  .42 3.00 53.30 2.00 3.00  .00  .00  .00  .00 0    .0
 SHH   30.8 302  92  13 46.00 -.17 3.00 50.80-1.28 4.00  .00  .40  .00 2.57 0    .0
 CHN1  31.3 346 104  13 45.53 -.23 2.00 51.74  .77 2.00  .08  .00 2.26  .00 0    .0
 STYH  31.8  33 103  13 45.87  .60 2.00 51.17 1.04 3.00  .00  .00  .00  .00 0    .0
 MASB  33.9 179 114  13 45.12 -.55 2.00 49.40-1.20 2.00 -.29  .00 1.93  .00 0    .0
 WTP   36.1 359 102- 13 46.47  .00 1.00 52.53  .31 2.00 -.01  .00 2.25  .00 0    .0
 TWL   40.4 341  73  13 47.27  .12 3.00   .00  .00  .00 -.67  .00 1.66  .00 0    .0
 TPUB  42.4   0  75  13 47.21  .37 2.00 53.47  .08 3.00 -.53  .00 1.83  .00 0    .0
 TWGB  47.5 106 100  13 48.10  .78 3.00 54.52  .14 4.00  .01  .00 2.45  .00 0    .0
 CHN4  48.1 356  73  13 48.41  .33 3.00   .00  .00  .00 -.43  .00 2.02  .00 0    .0
 ECL   49.3 142  91- 13 47.91  .09 1.00 54.00 -.56 2.00 -.02  .00 2.45  .00 0    .0
 ELD   50.3  54  91  13 48.85  .44 2.00 55.58  .47 4.00 -.30  .00 2.19  .00 0    .0
 LONT  51.3  80  79  13 49.03  .73 3.00 56.55  .64 3.00  .00  .00  .00  .00 0    .0
 SCZ   60.7 172  83  13 49.38 -.28 3.00   .00  .00  .00 -.88  .00 1.75  .00 0    .0
 EAS   63.9 153  90  13 50.22 -.01 2.00 58.34 -.16 3.00 -.76  .00 1.92  .00 0    .0
 ALS   68.1  16  78  13 51.40 -.03 3.00   .00  .00  .00 -.88  .00 1.85  .00 0    .0
 FULB  74.7  65  77  13 53.29 1.18 3.00   .00  .00  .00  .00  .00  .00  .00 0    .0
