 2016 2 52133 11.922256.9012023.30 22.841.5819  9.1133 .26  .4  .2 F 30B
 SHH    9.1 333 158  32 77.26 -.02 1.00 81.38  .01 1.00  .00  .00  .00  .00 0    .0
 CHN3  14.3 351 132  32 77.38 -.24 3.00 82.48  .37 3.00 -.05  .00 1.96  .00 0    .0
 SNJ   22.3 200 124  32 78.63  .17 3.00   .00  .00  .00  .00  .00  .00  .00 0    .0
 SGS   25.3  60 119  32 78.58 -.16 3.00 83.67 -.05 3.00 -.53  .00 1.64  .00 0    .0
 CHN1  29.9  29 104  32 78.85 -.55 3.00 84.90  .04 3.00 -.66  .00 1.57  .00 0    .0
 SNS   32.1  12 104  32 79.53 -.06 3.00   .00  .00  .00  .00  .00  .00  .00 0    .0
 SSD   34.2 126 113  32 80.25  .37 3.00   .00  .00  .00 -.92  .00 1.38  .00 0    .0
 TWL   36.8  19 102  32 80.30  .02 2.00 86.70  .06 3.00-1.08  .00 1.26  .00 0    .0
 SMG   37.5 131 111  32 79.86 -.60 3.00   .00  .00  .00  .00  .00  .00  .00 0    .0
 WTP   40.5  37 100  32 80.92  .00 3.00 87.41  .06 3.00 -.72  .00 1.67  .00 0    .0
 MASB  44.8 132  79  32 81.75  .04 3.00 88.66 -.01 3.00-1.01  .00 1.44  .00 0    .0
 TPUB  46.2  33  91  32 81.38  .21 3.00 88.64  .35 3.00-1.18  .00 1.29  .00 0    .0
 STYH  46.6  58  90  32 81.54  .18 4.00 89.26  .96 3.00  .00  .00  .00  .00 0    .0
 ICHU  47.0 347  92  32 81.96  .21 3.00 88.13-1.74 3.00  .00  .00  .00  .00 0    .0
 CHN4  49.4  26  90  32 82.00 -.06 3.00 89.32 -.28 3.00 -.93  .00 1.58  .00 0    .0
 SCZ   68.5 148  79  32 85.10  .17 4.00   .00  .00  .00 -.98  .00 1.79  .00 0    .0
 ELD   70.2  68  83  32 87.03 2.03 4.00   .00  .00  .00-1.15  .00 1.64  .00 0    .0
 ECL   70.4 128  95  32 85.78  .55 4.00   .00  .00  .00-1.20  .00 1.59  .00 0    .0
 TWGB  72.1 101  73  32 86.24 1.07 3.00   .00  .00  .00-1.04  .00 1.77  .00 0    .0
