 2016 2 52159 57.972255.1712030.19  7.611.2915  3.9112 .38  .4  .6 F 23C
 SCS    3.9 194 153  58   .00  .00  .00121.42 -.33 4.00  .00  .00  .00  .00 0    .0
 SLG   16.8  69  91  58122.55  .11 1.00125.86 -.03 2.00  .00  .00  .00  .00 0    .0
 SHH   19.5 306 110  58123.47 -.07 3.00   .00  .00  .00  .00  .00  .00  .00 0    .0
 SGS   19.9  28 105  58122.94 -.08 1.00126.64 -.19 2.00 -.36  .00 1.51  .00 0    .0
 SSD   23.9 132  76  58123.99  .50 3.00127.95  .47 3.00 -.46  .00 1.51  .00 0    .0
 SMG   27.8 138  75  58124.45  .27 3.00128.77  .19 3.00  .00  .00  .00  .00 0    .0
 CHN1  29.5   7  95  58125.39  .19 2.00130.83  .44 2.00 -.82  .00 1.27  .00 0    .0
 SNS   33.3  13  66  58126.07 -.09 2.00130.74-1.46 3.00  .00  .00  .00  .00 0    .0
 MASB  36.5 149  76  58125.00-1.05 2.00131.43 -.52 2.00-1.31  .00  .92  .00 0    .0
 WTP   37.9  20  60  58126.46 -.30 3.00   .00  .00  .00-1.05  .00 1.20  .00 0    .0
 TWL   38.1  21  57  58126.63 -.39 3.00   .00  .00  .00-1.04  .00 1.22  .00 0    .0
 STYH  39.3  57  68  58126.92  .42 3.00132.16 -.73 3.00  .00  .00  .00  .00 0    .0
 TPUB  44.1  19  55  58127.64  .40 3.00   .00  .00  .00-1.21  .00 1.15  .00 0    .0
 ICHU  53.9 338  49  58129.07 -.59 3.00   .00  .00  .00  .00  .00  .00  .00 0    .0
 ECL   59.0 121  77  58   .00  .00  .00136.14-1.50 3.00-1.04  .00 1.55  .00 0    .0
