 2016 2 52158 18.8623 4.6512032.54 11.151.0411  4.9191 .23  .4  .4 F 20C
 SGS    4.9  86 156  58 21.38 -.29 2.00 23.80  .03 3.00 -.19  .00 1.37  .00 0    .0
 CHN1  12.0 354 132  58 22.68  .09 1.00 25.35  .02 2.00 -.59  .00 1.13  .00 0    .0
 SLG   14.1 132 104  58 22.93 -.16 3.00 25.93 -.20 3.00  .00  .00  .00  .00 0    .0
 SNS   16.4 352 104  58 23.38  .09 1.00 26.49 -.09 3.00  .00  .00  .00  .00 0    .0
 WTP   20.1  24 100  58 23.83 -.12 1.00 27.65  .04 2.00 -.92  .00 1.00  .00 0    .0
 TWL   21.0 350 100  58 23.95 -.20 3.00 27.73 -.33 3.00-1.16  .00  .78  .00 0    .0
 STYH  26.0  66  96  58 25.30  .58 2.00 29.20  .05 2.00  .00  .00  .00  .00 0    .0
 TPUB  26.3  20  84  58 24.66  .21 3.00 28.85 -.20 3.00-1.30  .00  .75  .00 0    .0
 CHN4  30.8  10  82  58 25.36 -.28 2.00 30.34 -.48 3.00 -.92  .00 1.22  .00 0    .0
 SSD   38.2 154  76  58   .00  .00  .00 33.39  .68 3.00  .00  .00  .00  .00 0    .0
 SMG   42.5 159  84  58   .00  .00  .00 34.21  .37 3.00  .00  .00  .00  .00 0    .0
