 2016 2 52150 58.8823 5.3312034.22 11.691.1611  2.31680.26 0.9 0.7 F 20C 
 SGS    2.3 113 167  49120.87-0.50 2.00122.95-0.23 3.00-0.30 0.00 1.25 0.00  
 CHN1  11.5 338 126  49  0.00 0.00 0.00125.22 0.42 3.00-0.62 0.00 1.10 0.00  
 SLG   13.1 143 122  49122.54 0.00 2.00125.52 0.31 2.00 0.00 0.00 0.00 0.00  
 WTP   18.0  17 111  49123.40 0.10 2.00126.65 0.11 2.00-0.72 0.00 1.15 0.00  
 STYH  23.8  65 104  49124.35 0.08 3.00128.12-0.09 3.00 0.00 0.00 0.00 0.00  
 TPUB  24.2  14 103  49124.22-0.12 2.00128.05-0.28 3.00-1.18 0.00 0.83 0.00  
 CHN4  29.2   4 100  49125.31 0.13 3.00129.83 0.04 3.00-0.86 0.00 1.25 0.00  
 SMG   43.1 169  69  49  0.00 0.00 0.00133.59-0.11 3.00 0.00 0.00 0.00 0.00  
 ELD   47.8  76  69  49128.42 0.23 2.00134.90-0.10 3.00-1.35 0.00 1.08 0.00  
 ALS   52.7  28  69  49128.97-0.01 3.00135.72-0.64 3.00-1.07 0.00 1.44 0.00  
 CHN5  57.4  11  69  49129.27-0.46 3.00138.20 0.53 3.00 0.00 0.00 0.00 0.00  
