 2016 2 52146 36.222253.8912034.16 12.041.3719  7.9 910.26 0.6 0.6 F 35B 
 SCS    7.9 259 141  44159.20-0.01 4.00  0.00 0.00 0.00 0.00 0.00 0.00 0.00 0   0.1
 SLG   13.2  36 123  44159.75-0.17 1.00162.75 0.13 2.00 0.00 0.00 0.00 0.00  
 SSD   18.5 156 112  44160.83 0.08 1.00164.30 0.23 1.00-0.32 0.00 1.57 0.00  
 SGS   20.3   6 109  44160.27-0.77 3.00163.88-0.69 3.00-0.51 0.00 1.42 0.00  
 SMG   22.7 160 106  44161.32-0.12 2.00165.23-0.03 1.00 0.00 0.00 0.00 0.00  
 SHH   26.5 300 103  44162.67 0.59 2.00168.93 2.57 4.00 0.00 0.00 0.00 0.00  
 CHN1  32.0 352  69  44162.87-0.10 1.00168.43 0.52 2.00-0.91 0.00 1.26 0.00  
 MASB  32.4 168  69  44162.90-0.12 1.00167.93-0.07 2.00-1.11 0.00 1.07 0.00  
 SNS   36.4 348  69  44163.65-0.02 1.00169.90 0.78 3.00 0.00 0.00 0.00 0.00  
 STYH  38.0  34  69  44163.68-0.24 2.00169.52-0.04 1.00 0.00 0.00 0.00 0.00  
 WTP   38.7   8  69  44163.98-0.06 2.00169.97 0.22 2.00-0.95 0.00 1.34 0.00  
 TWL   41.2 350  69  44164.63 0.18 2.00171.75 1.28 3.00-1.22 0.00 1.11 0.00  
 TPUB  45.0   7  69  44164.68-0.37 2.00171.26-0.26 2.00-1.24 0.00 1.15 0.00  
 CHN4  50.2   2  69  44165.90 0.00 1.00172.79-0.20 2.00-0.98 0.00 1.49 0.00  
 ECL   52.4 129  69  44165.95-0.30 2.00172.57-1.02 3.00-0.93 0.00 1.58 0.00  
 TWGB  53.1  99  69  44166.81 0.44 2.00174.04 0.25 2.00-0.85 0.00 1.67 0.00  
 ELD   56.6  55  69  44166.99 0.06 2.00  0.00 0.00 0.00-1.40 0.00 1.17 0.00  
 LONT  57.5  89  69  44167.01-0.06 2.00175.48 0.47 2.00 0.00 0.00 0.00 0.00  
 EAS   64.3 152  69  44168.20 0.03 2.00  0.00 0.00 0.00-1.10 0.00 1.57 0.00  
