 2016 2 52157  3.5723  .6112031.98 14.981.6624  9.8117 .27  .2  .3 F 43B
 SGS    9.8  38 147  56 67.10 -.36 1.00 70.49  .09 2.00 -.09  .00 1.68  .00 0    .0
 SLG   11.7  99 119  56 67.68 -.04 1.00 71.34  .65 2.00  .00  .00  .00  .00 0    .0
 SHH   19.0 281 111  56 69.32  .02 1.00 74.45  .64 2.00  .00  .00  .00  .00 0    .0
 CHN1  19.4   6 112  56 68.85  .02 1.00 72.82  .01 2.00 -.33  .00 1.62  .00 0    .0
 SNS   23.5   1  96  56 69.50  .03 2.00 73.76 -.15 2.00  .00  .00  .00  .00 0    .0
 WTP   27.4  20  93  56 69.91 -.10 2.00 74.95  .07 2.00 -.12  .00 1.99  .00 0    .0
 TWL   28.3 354  91  56 70.34  .08 2.00 75.05 -.22 3.00 -.85  .00 1.27  .00 0    .0
 STYH  30.5  55  79  56 70.40  .05 2.00 75.52  .25 2.00  .00  .00  .00  .00 0    .0
 SSD   31.4 155 103  56 71.45 1.12 3.00 75.38  .27 3.00 -.73  .00 1.45  .00 0    .0
 TPUB  33.6  17  80  56 70.58  .12 2.00 76.01 -.05 3.00 -.59  .00 1.63  .00 0    .0
 SMG   35.6 157 101  56 70.87 -.15 2.00 76.01 -.19 3.00  .00  .00  .00  .00 0    .0
 CHN4  38.3  10  80  56 71.37 -.27 2.00 77.30 -.49 3.00 -.45  .00 1.85  .00 0    .0
 MASB  45.3 164  98  56 72.45 -.51 3.00 78.48-1.16 3.00-1.21  .00 1.20  .00 0    .0
 ICHU  46.6 326  72  56   .00  .00  .00 79.96-1.43 3.00  .00  .00  .00  .00 0    .0
 ELD   53.9  69  74  56   .00  .00  .00 81.34  .13 3.00-1.10  .00 1.44  .00 0    .0
 CHY   54.8 350  73  56   .00  .00  .00 82.30 -.39 3.00  .00  .00  .00  .00 0    .0
 TWGB  59.8  99  71  56 75.11  .37 3.00 83.74  .10 3.00 -.78  .00 1.84  .00 0    .0
 LONT  62.0 101  70  56 76.43 1.05 3.00 83.61 -.34 3.00  .00  .00  .00  .00 0    .0
 ALS   62.2  28  83  56 75.10 -.38 2.00 83.98 -.18 3.00 -.47  .00 2.18  .00 0    .0
 ECL   63.4 137  95  56 75.62  .10 3.00 83.78 -.20 3.00-1.12  .00 1.55  .00 0    .0
 CHN5  66.7  13  76  56   .00  .00  .00 85.47 -.21 3.00  .00  .00  .00  .00 0    .0
 SCZ   71.5 163  78  56 75.78-1.28 4.00 87.01  .32 3.00 -.91  .00 1.87  .00 0    .0
 FULB  80.4  75  77  56   .00  .00  .00 89.94 1.31 4.00  .00  .00  .00  .00 0    .0
 SLIU  92.0 151  68  56 80.63 -.60 3.00 92.35-1.53 4.00  .00  .00  .00  .00 0    .0
