 2016 2 521 0 57.762253.7712036.61 10.441.3715 11.4 710.35 1.0 1.1 F 24B 
 SLG   11.4  18 120   0 60.74-0.31 0.00 63.65 0.19 1.00 0.00 0.00 0.00 0.00  
 SSD   17.1 169 106   0 62.10 0.12 2.00 65.24 0.17 1.00-0.44 0.00 1.40 0.00  
 TWM1  20.2 245 101   0 63.16 0.65 3.00  0.00 0.00 0.00-0.18 0.00 1.73 0.00  
 SGS   20.5 354 101   0 61.88-0.68 3.00 65.15-0.91 2.00-0.67 0.00 1.25 0.00  
 SMG   21.4 170 100   0 62.58-0.13 3.00 66.24-0.10 2.00 0.00 0.00 0.00 0.00  
 SGL   22.3 210  99   0 62.26-0.60 3.00  0.00 0.00 0.00 0.07 0.00 2.03 0.00  
 MASB  31.6 175  95   0 64.20-0.25 3.00 68.84-0.50 3.00-1.41 0.00 0.74 0.00  
 CHN1  33.1 345  95   0 64.80 0.10 2.00 69.93 0.15 2.00-0.93 0.00 1.25 0.00  
 STYH  35.9  29  94   0 65.05-0.14 4.00  0.00 0.00 0.00 0.00 0.00 0.00 0.00  
 SNS   37.7 342  94   0 65.42-0.07 4.00  0.00 0.00 0.00 0.00 0.00 0.00 0.00  
 WTP   38.5   1  94   0 66.03 0.40 3.00 71.74 0.34 3.00-1.05 0.00 1.23 0.00  
 TAI1  41.4 292  69   0 66.56 0.44 4.00  0.00 0.00 0.00 0.00 0.00 0.00 0.00  
 TPUB  44.8   2  69   0 67.09 0.43 3.00 72.72-0.46 3.00-1.21 0.00 1.17 0.00  
 TWG   49.0 100  69   0 67.60 0.27 2.00  0.00 0.00 0.00-1.01 0.00 1.44 0.00  
 TWGB  49.0 100  69   0 67.71 0.38 2.00 74.02-0.31 2.00-1.01 0.00 1.44 0.00  
