 2016 2 52142 40.362258.1912035.20  7.821.7133  6.6 69 .43  .3  .4 F 54B
 SLG    6.6  69 139  41103.03  .17 2.00   .00  .00  .00  .00  .00  .00  .00 0    .0
 SGS   12.2   3 121  41103.29 -.46 1.00106.64  .25 2.00  .09  .00 1.75  .00 0    .0
 SCS   13.3 215 105  41103.06-1.05 3.00   .00  .00  .00  .00  .00  .00  .00 0    .0
 CHN1  24.5 347 103  41106.15 -.12 1.00111.39  .81 2.00 -.08  .00 1.91  .00 0    .0
 SHH   25.0 283 103  41107.23  .08 2.00112.34  .01 2.00  .00  .00  .00  .00 0    .0
 SSD   25.6 161  92  41105.67 -.18 1.00110.71  .90 2.00 -.20  .00 1.81  .00 0    .0
 SNS   29.1 352  76  41107.78  .48 2.00112.50  .00 2.00  .00  .00  .00  .00 0    .0
 STYH  29.4  51  77  41106.26 -.44 2.00111.59  .12 2.00  .00  .00  .00  .00 0    .0
 SMG   29.9 162  92  41106.89  .33 1.00111.21  .25 2.00  .00  .00  .00  .00 0    .0
 WTP   30.5   8  76  41106.66 -.80 1.00113.00  .43 2.00 -.48  .00 1.63  .00 0    .0
 TWL   33.7 359  70  41108.16 -.02 2.00114.47  .31 1.00 -.78  .00 1.40  .00 0    .0
 TPUB  36.9  16  78  41107.26 -.89 2.00113.52 -.69 2.00 -.69  .00 1.55  .00 0    .0
 MASB  39.9 168  90  41108.60  .01 2.00114.25 -.12 2.00-1.06  .00 1.23  .00 0    .0
 CHN4  42.3   2  62  41108.90 -.58 2.00116.40 -.08 2.00 -.63  .00 1.70  .00 0    .0
 ELD   50.8  71  74  41110.33 -.15 2.00117.94  .53 2.00 -.73  .00 1.74  .00 0    .0
 TWGB  53.1 116  74  41109.85 -.35 2.00118.89  .73 3.00 -.66  .00 1.84  .00 0    .0
 ICHU  53.4 326  58  41111.17 -.61 2.00119.55-1.63 2.00  .00  .00  .00  .00 0    .0
 SSP   53.9 171  78  41111.74 -.13 3.00   .00  .00  .00  .00  .00  .00  .00 0    .0
 LONT  55.9 102  80  41111.66  .61 2.00118.83 -.38 1.00  .00  .00  .00  .00 0    .0
 ECL   56.4 137  82  41110.00 -.96 2.00   .00  .00  .00 -.93  .00 1.62  .00 0    .0
 CHY   60.3 347  55  41   .00  .00  .00122.18  .10 2.00  .00  .00  .00  .00 0    .0
 ALS   64.0  22  64  41112.55 -.61 2.00122.33  .04 2.00 -.90  .00 1.76  .00 0    .0
 SCZ   66.5 162  66  41112.78 -.19 2.00123.54 1.46 1.00 -.92  .00 1.78  .00 0    .0
 CHN5  70.1   9  64  41   .00  .00  .00124.67  .40 2.00  .00  .00  .00  .00 0    .0
 EAS   70.8 147  72  41114.38  .97 2.00124.17 1.04 2.00 -.92  .00 1.83  .00 0    .0
 EDH   73.4  89  60  41   .00  .00  .00124.08-1.59 3.00  .00  .00  .00  .00 0    .0
 TAWH  76.3 148  79  41113.96 -.25 3.00   .00  .00  .00  .00  .00  .00  .00 0    .0
 FULB  76.5  71  66  41115.42  .65 2.00125.66  .15 2.00  .00  .00  .00  .00 0    .0
 WTK   82.0 347  53  41   .00  .00  .00127.05-1.55 3.00  .00  .00  .00  .00 0    .0
 EYUL  85.7  61  76  41   .00  .00  .00126.70 -.53 2.00  .00  .00  .00  .00 0    .0
 SLIU  86.2 163  73  41116.30 -.50 2.00127.64-1.17 2.00  .00  .00  .00  .00 0    .0
 EHY   96.0  58  77  41   .00  .00  .00130.40  .40 3.00-1.14  .00 1.83  .00 0    .0
 SML  106.2  19  54  41   .00  .00  .00134.69 -.48 3.00-1.01  .00 2.03  .00 0    .0
