 2016 2 52159 37.812254.6412033.91 17.391.6922  7.8 72 .32  .4  .5 F 39B
 SCS    7.8 250 156  58101.39 -.62 4.00   .00  .00  .00  .00  .00  .00  .00 0    .0
 SLG   12.4  51 125  58101.64 -.66 1.00105.01 -.45 3.00  .00  .00  .00  .00 0    .0
 SGS   19.0   8 116  58102.11-1.12 2.00105.97-1.25 3.00 -.19  .00 1.79  .00 0    .0
 SSD   19.9 157 131  58103.05  .05 1.00106.79  .15 1.00 -.19  .00 1.81  .00 0    .0
 SMG   24.1 158 125  58103.53 -.08 2.00107.66  .00 2.00  .00  .00  .00  .00 0    .0
 SHH   25.3 300 109  58104.78  .02 2.00   .00  .00  .00  .00  .00  .00  .00 0    .0
 SNJ   29.3 234  94  58105.58 -.01 2.00   .00  .00  .00  .00  .00  .00  .00 0    .0
 CHN1  30.6 353  94  58104.83 -.22 2.00110.36 -.19 3.00 -.52  .00 1.67  .00 0    .0
 MASB  33.8 156  85  58105.10 -.25 1.00110.17 -.53 3.00 -.77  .00 1.47  .00 0    .0
 SNS   34.9 349  83  58105.77  .06 1.00111.70  .01 3.00  .00  .00  .00  .00 0    .0
 STYH  35.9  37  83  58105.86  .34 2.00111.71  .63 3.00  .00  .00  .00  .00 0    .0
 WTP   37.4   9  83  58106.12  .10 2.00112.11  .00 2.00 -.65  .00 1.65  .00 0    .0
 TWL   39.6 351  83  58106.46  .01 4.00113.52  .57 3.00 -.86  .00 1.48  .00 0    .0
 TPUB  43.7   8  83  58106.80  .40 2.00113.80  .59 2.00 -.67  .00 1.73  .00 0    .0
 CHN4  48.9   3  83  58107.89  .28 3.00115.02 -.05 3.00 -.55  .00 1.93  .00 0    .0
 ECL   53.4 135  89  58108.10  .02 2.00114.90 -.38 3.00 -.90  .00 1.64  .00 0    .0
 TWGB  53.6 100  97  58108.58  .66 3.00   .00  .00  .00 -.95  .00 1.59  .00 0    .0
 ELD   56.1  48  84  58109.08  .33 3.00116.57  .36 3.00-1.04  .00 1.54  .00 0    .0
 LONT  57.7  90  75  58109.41  .40 3.00117.56  .43 3.00  .00  .00  .00  .00 0    .0
 EAS   65.7 149  95  58110.37  .21 4.00   .00  .00  .00-1.01  .00 1.70  .00 0    .0
 ALS   70.9  21  84  58111.53  .38 3.00120.85 -.05 3.00 -.77  .00 2.01  .00 0    .0
 SLIU  80.5 162  87  58112.65 -.63 3.00124.91  .77 3.00  .00  .00  .00  .00 0    .0
