 2016 2 52116 50.7723  .2412024.41 20.671.6226  6.3125 .29  .4  .4 F 45B
 SHH    6.3 287 163  15115.57 -.11 1.00119.37  .00 2.00  .00  .00  .00  .00 0    .0
 CHN3   9.0 332 138  15115.37 -.24 2.00119.89  .36 2.00  .04  .00 1.94  .00 0    .0
 SSH   19.0 320 123  15   .00  .00  .00121.21  .15 2.00  .00  .00  .00  .00 0    .0
 TWM1  20.4 162 114  15117.40  .28 2.00122.25  .34 4.00 -.14  .00 1.92  .00 0    .0
 SGS   20.6  73 124  15116.45 -.34 2.00120.89 -.29 3.00 -.64  .00 1.42  .00 0    .0
 CHN1  23.6  33 120  15116.98 -.13 2.00121.81 -.04 3.00 -.87  .00 1.24  .00 0    .0
 SLG   24.5  93 102  15117.29  .01 2.00122.50  .59 3.00  .00  .00  .00  .00 0    .0
 SNS   25.6  11 104  15117.31  .01 2.00   .00  .00  .00  .00  .00  .00  .00 0    .0
 SCL   28.1 312 101  15117.03 -.68 3.00   .00  .00  .00  .43  .00 2.61  .00 0    .0
 TWL   30.4  19 101  15118.12  .12 2.00123.76  .17 3.00 -.90  .00 1.32  .00 0    .0
 WTP   34.5  40 100  15118.59 -.17 2.00124.00 -.42 3.00 -.92  .00 1.36  .00 0    .0
 SSD   37.3 136 109  15118.97  .05 2.00   .00  .00  .00-1.01  .00 1.32  .00 0    .0
 TPUB  40.0  35  98  15119.32  .31 1.00125.35  .02 2.00-1.12  .00 1.25  .00 0    .0
 SMG   41.0 139 108  15119.20 -.36 3.00126.17  .21 3.00  .00  .00  .00  .00 0    .0
 ICHU  41.6 342  89  15118.97 -.65 2.00125.36-1.67 4.00  .00  .00  .00  .00 0    .0
 STYH  42.0  64  89  15120.31  .78 2.00126.96 1.05 3.00  .00  .00  .00  .00 0    .0
 CHN4  43.0  27  98  15119.78 -.03 2.00126.62  .01 3.00 -.90  .00 1.51  .00 0    .0
 MASB  49.2 138  78  15120.95 -.18 2.00128.63  .22 2.00-1.16  .00 1.34  .00 0    .0
 SSP   59.9 150  72  15123.26 -.24 2.00   .00  .00  .00  .00  .00  .00  .00 0    .0
 WSL   60.2 342  73  15   .00  .00  .00130.59-1.30 3.00  .00  .00  .00  .00 0    .0
 ELD   66.3  73  89  15124.09  .86 2.00133.05 1.10 4.00-1.33  .00 1.40  .00 0    .0
 ALS   69.6  44  91  15123.66 -.42 4.00134.22  .52 3.00 -.61  .00 2.16  .00 0    .0
 CHN5  71.3   8  71  15123.88 -.16 3.00133.31 -.56 3.00  .00  .00  .00  .00 0    .0
 ECL   72.5 120  83  15124.29 -.11 3.00   .00  .00  .00-1.23  .00 1.58  .00 0    .0
 SCZ   73.7 149  74  15124.76  .25 3.00135.26  .69 3.00-1.17  .00 1.65  .00 0    .0
 EAS   82.9 134  75  15126.35  .11 3.00137.93 1.02 4.00-1.03  .00 1.87  .00 0    .0
