 2016 2 521 5 37.772254.4112035.82 21.201.5914 10.8 690.31 1.1 1.5 F 21A 
 SCS   10.8 257 148   4101.74-0.48 4.00  0.00 0.00 0.00 0.00 0.00 0.00 0.00  
 SLG   10.8  27 148   4101.67-0.55 2.00105.26-0.21 3.00 0.00 0.00 0.00 0.00  
 SSD   18.5 166 131   4103.00-0.03 2.00107.01 0.14 1.00-0.50 0.00 1.54 0.00  
 SGS   19.2 358 130   4102.19-0.92 4.00  0.00 0.00 0.00 0.06 0.00 2.11 0.00  
 TWM1  19.5 241 130   4102.36-0.79 2.00  0.00 0.00 0.00 0.01 0.00 2.07 0.00  
 SMG   22.8 167 124   4103.43-0.14 2.00107.88 0.06 0.00 0.00 0.00 0.00 0.00  
 SHH   28.5 296 117   4104.20-0.16 2.00109.78 0.61 1.00 0.00 0.00 0.00 0.00  
 CHN1  31.6 347 114   4104.55-0.25 3.00  0.00 0.00 0.00 0.00 0.00 0.00 0.00  
 MASB  32.9 173 112   4104.79-0.20 1.00110.32 0.06 1.00-1.03 0.00 1.23 0.00  
 STYH  35.6  32 110   4106.08 0.69 2.00  0.00 0.00 0.00 0.00 0.00 0.00 0.00  
 WTP   37.4   3 109   4105.72 0.06 1.00111.30-0.13 3.00-0.69 0.00 1.64 0.00  
 TWL   40.9 345 106   4106.10-0.08 3.00  0.00 0.00 0.00-1.07 0.00 1.31 0.00  
 TWGB  50.5 101 102   4108.58 0.92 3.00  0.00 0.00 0.00-1.15 0.00 1.37 0.00  
 ECL   50.9 132 101   4108.00 0.29 3.00114.86-0.13 3.00-1.06 0.00 1.47 0.00  
