 2016 2 52150 31.122259.8812020.94 28.441.7319  2.6 840.24 0.6 0.7 F 37A 
 SHH    2.6 357 174  49 96.19 0.00 3.00100.00 0.09 2.00 0.00 0.00 0.00 0.00  
 CHN3   8.7  10 160  49 96.90 0.50 3.00100.90 0.63 3.00 0.22 0.00 2.30 0.00  
 TAI1  12.4 290 152  49 96.43-0.20 3.00  0.00 0.00 0.00 0.20 0.00 2.30 0.00  
 TAI   15.6 268 146  49 97.36 0.47 3.00100.69-0.42 2.00 0.00 0.29 0.00 2.42  
 TWM1  21.3 156 136  49 97.90 0.46 3.00102.03-0.04 3.00-0.11 0.00 2.08 0.00  
 SGS   26.4  69 128  49 97.66-0.36 3.00103.11 0.04 3.00-0.88 0.00 1.38 0.00  
 CHN1  27.7  41 126  49 98.20 0.03 2.00103.47 0.13 2.00-0.63 0.00 1.64 0.00  
 SNS   28.9  31 125  49 98.36 0.04 3.00103.68 0.09 2.00 0.00 0.00 0.00 0.00  
 SLG   30.5  90 123  49 98.22-0.30 3.00103.73-0.22 2.00 0.00 0.00 0.00 0.00  
 TWL   33.3  27 120  49 99.12 0.23 3.00104.58 0.00 2.00-0.98 0.00 1.37 0.00  
 WTP   39.0  45 114  49 99.73 0.07 2.00105.87-0.04 3.00-0.96 0.00 1.46 0.00  
 ICHU  40.8 349 112  49100.01 0.11 3.00105.78-0.55 3.00 0.00 0.00 0.00 0.00  
 SSD   41.0 133 112  49100.00 0.07 4.00106.12-0.27 3.00-1.03 0.00 1.42 0.00  
 TPUB  44.1  40 110  49100.20-0.17 2.00106.85-0.29 2.00-1.02 0.00 1.47 0.00  
 SMG   44.4 136 109  49100.58 0.17 3.00106.74-0.47 3.00 0.00 0.00 0.00 0.00  
 CHN4  46.5  32 108  49100.69-0.01 3.00107.49-0.22 3.00-0.83 0.00 1.69 0.00  
 KAU   47.9 184 107  49101.87 0.96 4.00107.84-0.23 3.00 0.00 0.00 0.00 0.00  
 STYH  48.6  65 107  49101.26 0.26 2.00108.45 0.21 3.00 0.00 0.00 0.00 0.00  
 MASB  51.7 145 105  49101.56 0.11 2.00109.41 0.39 3.00-1.38 0.00 1.20 0.00  
