 2016 2 52116 26.802255.9712032.48 11.891.4622  7.1 80 .26  .2  .3 F 37B
 SCS    7.1 224 148  15 89.65 -.44 3.00 92.50 -.06 2.00  .00  .00  .00  .00 0    .0
 SLG   12.7  68 109  15 90.74  .03 2.00   .00  .00  .00  .00  .00  .00  .00 0    .0
 TWM1  16.8 222 123  15 91.42 -.24 3.00   .00  .00  .00 -.06  .00 1.79  .00 0    .0
 SGS   17.1  17 103  15 91.25 -.19 2.00 95.05  .07 2.00 -.40  .00 1.46  .00 0    .0
 SHH   22.0 304 100  15 92.98  .02 1.00 98.08  .37 2.00  .00  .00  .00  .00 0    .0
 SSD   23.2 147 100  15 92.09  .06 1.00 96.07  .29 2.00 -.55  .00 1.44  .00 0    .0
 SMG   27.3 151  97  15 92.70 -.02 1.00 97.01  .12 2.00  .00  .00  .00  .00 0    .0
 CHN1  28.0   7  85  15 93.47 -.03 1.00 98.62  .09 3.00 -.81  .00 1.28  .00 0    .0
 SNS   32.1 352  73  15 94.04 -.20 2.00 99.94  .12 3.00  .00  .00  .00  .00 0    .0
 WTP   35.4  14  83  15 94.76 -.02 1.00100.55 -.01 3.00 -.81  .00 1.42  .00 0    .0
 STYH  35.6  50  83  15 94.77  .40 3.00100.70  .87 3.00  .00  .00  .00  .00 0    .0
 MASB  36.8 160  94  15 94.22 -.43 1.00 99.71 -.59 2.00-1.15  .00 1.10  .00 0    .0
 TWL   36.9 354  74  15 95.09  .04 3.00101.21 -.03 3.00-1.05  .00 1.21  .00 0    .0
 TPUB  41.7  13  67  15 95.73  .51 2.00101.74 -.15 3.00-1.06  .00 1.28  .00 0    .0
 SCL   43.7 310  62  15   .00  .00  .00102.83-1.15 3.00  .00  .00  .00  .00 0    .0
 CHN4  46.7   7  68  15   .00  .00  .00103.30 -.41 3.00 -.81  .00 1.61  .00 0    .0
 ICHU  54.4 332  64  15 97.79 -.17 4.00106.84 -.37 3.00  .00  .00  .00  .00 0    .0
 ELD   56.9  60  70  15   .00  .00  .00104.91 -.75 3.00-1.10  .00 1.47  .00 0    .0
 ECL   56.9 129  81  15   .00  .00  .00104.45 -.91 3.00-1.06  .00 1.51  .00 0    .0
 SCZ   62.9 161  72  15 99.60  .67 2.00107.04 -.71 4.00-1.04  .00 1.61  .00 0    .0
 ALS   69.5  23  72  15 99.62 -.56 4.00110.12  .28 4.00 -.89  .00 1.85  .00 0    .0
 SLIU  83.6 153  76  15102.06 -.76 3.00   .00  .00  .00  .00  .00  .00  .00 0    .0
