 2016 2 521 1 24.342255.0812035.49 21.711.4713 10.1 680.32 2.0 1.4 F 20A 
 SLG   10.1  33 151   0 88.37-0.42 2.00 92.11 0.06 2.00 0.00 0.00 0.00 0.00  
 SGS   18.0 359 134   0 88.64-0.94 2.00 93.59 0.18 2.00-0.71 0.00 1.33 0.00  
 TWM1  19.7 237 131   0 88.99-0.79 3.00  0.00 0.00 0.00-0.27 0.00 1.80 0.00  
 SSD   19.9 165 130   0 89.84 0.04 0.00 93.70-0.11 2.00-0.74 0.00 1.33 0.00  
 SGL   23.5 203 124   0 90.90 0.63 3.00  0.00 0.00 0.00 0.02 0.04 2.14 2.16  
 SMG   24.2 166 124   0 90.03-0.33 3.00 94.87 0.11 3.00 0.00 0.00 0.00 0.00  
 SHH   27.5 294 119   0 91.06 0.25 3.00  0.00 0.00 0.00 0.00 0.00 0.00 0.00  
 CHN1  30.3 347 116   0 91.10-0.10 3.00  0.00 0.00 0.00-1.06 0.00 1.17 0.00  
 MASB  34.2 172 112   0 91.76-0.01 2.00 97.40 0.20 2.00-1.33 0.00 0.96 0.00  
 STYH  34.9  33 112   0 91.96 0.09 3.00 99.33 1.94 4.00 0.00 0.00 0.00 0.00  
 WTP   36.2   5 111   0 92.65 0.58 3.00  0.00 0.00 0.00-1.14 0.00 1.18 0.00  
 TPUB  42.5   5 106   0 92.89-0.13 2.00100.39 1.02 3.00-1.14 0.00 1.27 0.00  
 TWGB  51.3 102 102   0 92.65-1.71 4.00  0.00 0.00 0.00-1.15 0.00 1.39 0.00  
