 2016 2 521 1 34.102257.1712028.69 11.781.3813 15.41000.27 1.0 0.9 F 20B 
 TWM1  15.4 198 115   0 97.95-0.35 4.00  0.00 0.00 0.00-0.31 0.00 1.51 0.00  
 SHH   15.4 299 115   0 97.97-0.33 3.00  0.00 0.00 0.00 0.00 0.00 0.00 0.00  
 SLG   17.8  75 110   0 98.72 0.02 1.00102.04-0.03 1.00 0.00 0.00 0.00 0.00  
 SGS   18.2  39 110   0 98.62-0.15 1.00102.28 0.09 1.00-0.62 0.00 1.26 0.00  
 CHN1  26.2  11 101   0100.80 0.66 3.00  0.00 0.00 0.00-0.72 0.00 1.33 0.00  
 SSD   28.4 144  71   0100.95 0.43 3.00105.18-0.04 2.00-0.42 0.00 1.68 0.00  
 SNS   29.6   3  71   0100.47-0.25 3.00  0.00 0.00 0.00 0.00 0.00 0.00 0.00  
 TWL   34.6   3  71   0101.82 0.27 3.00  0.00 0.00 0.00-1.29 0.00 0.92 0.00  
 WTP   35.4  24  71   0102.01 0.33 1.00107.48 0.25 2.00-0.78 0.00 1.45 0.00  
 STYH  39.9  51  71   0101.27-1.15 4.00107.09-1.42 3.00 0.00 0.00 0.00 0.00  
 TPUB  41.5  21  71   0102.57-0.12 2.00108.58-0.39 2.00-1.06 0.00 1.27 0.00  
 CHN4  45.7  15  71   0103.06-0.32 3.00110.28 0.11 3.00-0.81 0.00 1.59 0.00  
 ELD   61.7  65  71   0104.60-1.44 4.00  0.00 0.00 0.00-1.26 0.00 1.38 0.00  
