 2016 2 52125 25.312258.8112020.29 22.702.2236  4.7142 .37  .4  .3 F 57C
 SHH    4.7  13 169  25 30.54  .19 1.00 34.12 -.06 1.00  .00  .33  .00 2.25 0    .0
 CHN3  10.9   5 139  25 30.69  .11 1.00 35.25  .44 1.00  .33  .00 2.30  .00 0    .0
 TAI1  12.2 301 137  25 30.25 -.13 1.00 34.18 -.12 2.00  .74  .67 2.73 2.66 0    .0
 SSH   18.0 344 129  25 30.49 -.40 4.00 35.62 -.09 3.00  .00  .88  .00 2.94 0    .0
 TWM1  19.9 152 125  25 32.56  .76 3.00   .00  .00  .00  .10  .00 2.19  .00 0    .0
 SCL   25.5 327 118  25 31.60 -.45 3.00 37.01 -.35 2.00  .86  .87 3.03 3.04 0    .0
 SGS   28.1  76 108  25 32.21 -.40 1.00 37.71 -.18 1.00 -.37  .00 1.84  .00 0    .0
 CHN1  29.9  41 105  25 32.81  .17 2.00 38.13 -.12 2.00 -.45  .00 1.78  .00 0    .0
 SNS   31.2  32 103  25 32.81  .08 3.00 38.79  .28 3.00  .00  .00  .00  .00 0    .0
 SLG   31.5  87 104  25 33.23  .24 3.00 39.20  .76 3.00  .00  .00  .00  .00 0    .0
 TWL   35.6  28 102  25 33.60  .22 2.00 39.79  .03 3.00 -.77  .00 1.55  .00 0    .0
 SSD   40.4 127 110  25 34.71  .56 3.00   .00  .00  .00 -.73  .00 1.66  .00 0    .0
 WTP   41.2  38 102  25 34.46  .11 2.00 40.52 -.39 3.00 -.42  .00 1.98  .00 0    .0
 ICHU  42.6 352  91  25 33.80 -.62 3.00 40.11-1.93 3.00  .00  .47  .00 2.89 0    .0
 SMG   43.6 131 109  25 35.37  .64 3.00   .00  .00  .00  .00  .00  .00  .00 0    .0
 TPUB  46.4  40  99  25 34.95  .42 2.00 41.76  .02 2.00 -.45  .00 2.02  .00 0    .0
 CHN4  48.7  32  91  25 35.65  .39 2.00 42.56 -.30 2.00 -.45  .00 2.06  .00 0    .0
 STYH  49.4  76  88  25 36.14  .85 3.00 43.39  .75 3.00  .00  .00  .00  .00 0    .0
 MASB  50.7 131  82  25 36.48  .36 3.00 44.12  .32 3.00 -.83  .00 1.70  .00 0    .0
 WSL   61.1 349  77  25 36.31-1.01 3.00   .00  .00  .00  .00  .00  .00  .00 1   1.9
 SCZ   73.7 143  72  25 40.14  .94 2.00   .00  .00  .00 -.87  .00 1.96  .00 0    .0
 ELD   73.8  72  84  25 39.84  .88 3.00   .00  .00  .00 -.74  .00 2.09  .00 0    .0
 WDG   74.9 294  78  25 37.40-1.14 3.00 46.79-1.29 3.00  .00  .00  .00  .00 0    .0
 ALS   76.0  24  71  25 39.78  .20 3.00 50.21  .05 3.00 -.21  .00 2.65  .00 0    .0
 ECL   76.6 124  74  25 40.53  .88 3.00   .00  .00  .00-1.10  .00 1.76  .00 0    .0
 CHN5  76.7  26  70  25 39.46  .17 2.00 48.65-1.02 3.00  .16  .00 3.03  .00 0    .0
 TWGB  77.9 104  74  25 40.88 1.43 3.00   .00  .00  .00 -.95  .00 1.92  .00 0    .0
 WTK   78.6 350  72  25 39.33 -.44 3.00   .00  .00  .00  .00  .00  .00  .00 0    .0
 WDLH  80.9  13  66  25 39.15 -.74 3.00   .00  .00  .00  .00  .00  .00  .00 0    .0
 LONT  81.3  96  74  25 41.31 1.22 3.00   .00  .00  .00  .00  .00  .00  .00 0    .0
 EAS   84.9 142  68  25 41.83  .85 3.00   .00  .00  .00 -.81  .00 2.11  .00 0    .0
 TAWH  90.4 143  71  25 42.63  .90 3.00   .00  .00  .00  .00  .00  .00  .00 0    .0
 SLIU  96.8 152  57  25 43.53  .84 3.00   .00  .00  .00  .00  .00  .00  .00 0    .0
 PHUB  97.8 318  73  25 40.95 -.49 3.00 52.27-1.28 3.00 -.32  .00 2.68  .00 0    .0
 WJS  101.4   8  68  25 42.57 -.37 3.00   .00  .00  .00  .00  .00  .00  .00 0    .0
 WRL  102.1 353  80  25 41.92 -.96 3.00 55.12 -.75 3.00  .00  .00  .00  .00 0    .0
