 2016 2 521 2  7.8323 0.3512020.57 24.592.0030  1.81070.29 0.7 0.5 F 48B 
 SHH    1.8  16 176   0132.40 0.07 2.00136.09 0.47 3.00 0.00 0.00 0.00 0.00 0   0.1
 CHN3   8.0  15 160   0132.93 0.39 3.00136.91 0.92 3.00 0.25 0.47 2.24 2.46 0   0.1
 TAI1  11.5 288 152   0132.71-0.07 2.00136.84 0.44 3.00 0.30 0.00 2.32 0.00  
 TAI   15.0 265 144   0133.01-0.07 2.00136.77-0.16 2.00 0.00 0.49 0.00 2.55 0   0.3
 SSH   15.5 338 143   0132.98-0.15 4.00  0.00 0.00 0.00 0.00 0.59 0.00 2.65 0   0.1
 TWM1  22.3 156 132   0134.17 0.30 2.00138.45 0.15 3.00-0.04 0.00 2.11 0.00  
 SCL   23.5 322 130   0133.66-0.36 2.00139.14 0.59 3.00 0.38 0.00 2.55 0.00  
 SGS   26.7  71 126   0133.75-0.67 4.00139.48 0.23 3.00-0.67 0.00 1.54 0.00  
 CHN1  27.5  43 125   0134.65 0.13 2.00139.17-0.25 3.00-0.82 0.00 1.40 0.00  
 SNS   28.5  33 124   0134.70 0.04 2.00  0.00 0.00 0.00 0.00 0.00 0.00 0.00  
 SLG   31.1  92 121   0134.53-0.48 2.00  0.00 0.00 0.00 0.00 0.00 0.00 0.00  
 TWL   32.9  29 119   0135.32 0.07 2.00  0.00 0.00 0.00-0.80 0.00 1.50 0.00  
 WTP   38.9  47 114   0135.86-0.25 3.00142.49 0.32 3.00-0.91 0.00 1.47 0.00  
 ICHU  39.8 350 113   0136.09-0.15 3.00142.31-0.09 3.00 0.00 0.45 0.00 2.85 0   0.5
 SSD   42.1 133 112   0136.09-0.48 2.00  0.00 0.00 0.00-1.00 0.00 1.43 0.00  
 TPUB  43.9  41 111   0136.50-0.34 2.00143.17-0.27 2.00-1.17 0.00 1.28 0.00  
 SMG   45.5 137 110   0136.54-0.53 3.00  0.00 0.00 0.00 0.00 0.00 0.00 0.00  
 CHN4  46.1  33 110   0136.83-0.34 3.00  0.00 0.00 0.00-0.96 0.00 1.52 0.00  
 STYH  48.8  66  69   0137.51 0.01 2.00144.43-0.15 2.00 0.00 0.00 0.00 0.00  
 MASB  52.8 145  69   0137.80-0.28 2.00145.62 0.04 1.00-0.89 0.00 1.68 0.00  
 CHY   55.1   9  69   0138.12-0.29 3.00  0.00 0.00 0.00 0.00 0.00 0.00 0.00  
 SSP   62.3 158  69   0139.98 0.51 3.00  0.00 0.00 0.00 0.00 0.00 0.00 0.00  
 ELD   72.7  73  69   0141.67 0.68 3.00  0.00 0.00 0.00-1.11 0.00 1.71 0.00  
 ALS   73.6  40  69   0141.56 0.44 2.00151.73 0.88 2.00-0.64 0.00 2.20 0.00  
 CHN5  73.9  27  69   0141.04-0.13 2.00151.37 0.43 2.00 0.16 0.00 3.00 0.00  
 WTK   75.7   3  69   0141.14-0.29 4.00151.67 0.29 3.00 0.00 0.00 0.00 0.00  
 SCZ   76.2 157  69   0141.58 0.07 2.00152.14 0.61 3.00-1.04 0.00 1.82 0.00  
 ECL   78.1 125  69   0141.57-0.21 3.00  0.00 0.00 0.00-1.23 0.00 1.65 0.00  
 TWGB  78.4 105  69   0141.82-0.01 3.00  0.00 0.00 0.00-1.19 0.00 1.69 0.00  
 EAS   86.9 142  69   0143.17 0.09 3.00154.92 0.68 3.00-0.51 0.00 2.42 0.00  
