 2016 2 52141 21.652254.0612036.12 15.921.5713 11.21010.27 1.1 0.8 F 23B 
 SLG   11.2  24 138  40 84.96-0.52 1.00 88.36 0.08 1.00 0.00 0.00 0.00 0.00  
 SSD   17.8 167 121  40 86.43 0.10 1.00 89.92 0.16 1.00-0.30 0.00 1.64 0.00  
 TWM1  19.7 243 118  40 86.66 0.06 3.00  0.00 0.00 0.00-0.04 0.00 1.93 0.00  
 SGS   19.9 356 117  40 85.97-0.66 2.00 89.06-1.22 3.00-0.23 0.00 1.75 0.00  
 SMG   22.1 168 114  40 87.07 0.11 2.00 90.84-0.01 3.00 0.00 0.00 0.00 0.00  
 MASB  32.2 174 103  40 88.41-0.12 2.00 93.47-0.09 3.00-0.94 0.00 1.26 0.00  
 CHN1  32.3 346 103  40 88.04-0.51 2.00 94.04 0.43 3.00-0.64 0.00 1.56 0.00  
 STYH  35.9  30 101  40 89.06-0.06 3.00 94.68 0.09 3.00 0.00 0.00 0.00 0.00  
 SNS   36.9 343 100  40 89.33 0.05 4.00  0.00 0.00 0.00 0.00 0.00 0.00 0.00  
 WTP   38.0   3 100  40 89.63 0.17 1.00 95.39 0.21 1.00-0.51 0.00 1.79 0.00  
 TWL   41.6 345  75  40 89.98 0.01 4.00  0.00 0.00 0.00-1.13 0.00 1.23 0.00  
 TPUB  44.3   3  75  40 90.44 0.04 1.00 96.94 0.13 3.00-0.94 0.00 1.46 0.00  
 ECL   50.1 132  75  40 91.27-0.03 3.00 98.09-0.27 3.00-1.00 0.00 1.49 0.00  
