 2016 2 521 7 16.8923  .5512020.65 20.654.1228  1.4129 .27  .5  .7 F 29B
 SHH    1.4  15 176   7 21.51 -.03 2.00   .00  .00  .00  .00 2.92  .00 4.77 3   9.7
 CHN3   7.6   4 141   7 21.83  .24 2.00   .00  .00  .00  .00 2.75  .00 4.64 3  10.6
 TAI1  11.4 286 132   7 21.62  .00 1.00   .00  .00  .00  .00 2.17  .00 4.10 2   2.7
 SSH   15.2 338 129   7 22.38  .47 1.00 26.19 -.14 2.00  .00 2.76  .00 4.74 2   7.8
 TWM1  22.6 157 119   7 23.77  .16 2.00   .00  .00  .00  .00 2.23  .00 4.32 1   1.2
 SCL   23.3 321 119   7 22.97 -.14 1.00   .00  .00  .00  .00 2.53  .00 4.64 2   3.9
 SGS   26.4  73 115   7 22.64-1.19 2.00   .00  .00  .00 1.73 1.67 3.89 3.83 0    .0
 CHN1  27.1  34 103   7 23.57 -.03 1.00   .00  .00  .00  .00 1.70  .00 3.87 1    .9
 SNS   28.1  34 101   7 23.74  .05 1.00   .00  .00  .00  .00 1.59  .00 3.77 0    .0
 SLG   30.9 103 101   7 23.87 -.52 2.00   .00  .00  .00  .00 1.71  .00 3.94 0    .0
 TWL   32.5  30 100   7 24.39  .05 1.00   .00  .00  .00  .00 1.53  .00 3.78 0    .0
 SGL   35.3 154  99   7 25.45  .07 2.00   .00  .00  .00  .00 1.90  .00 4.19 1   1.0
 WTP   38.5  41 101   7 25.09 -.22 1.00   .00  .00  .00 1.35 1.36 3.69 3.70 1    .9
 ICHU  39.5 351  99   7 24.99 -.43 3.00   .00  .00  .00  .00 1.92  .00 4.28 1   2.4
 SSD   42.1 127  98   7 25.56 -.28 2.00   .00  .00  .00  .00 1.37  .00 3.77 1   1.0
 TPUB  43.5  36  99   7 25.61  .12 1.00   .00  .00  .00  .00  .00  .00  .00 0    .0
 SMG   45.5 132  98   7 26.04 -.42 3.00   .00  .00  .00  .00  .96  .00 3.41 1    .8
 CHN4  45.7  34  97   7 26.04 -.19 2.00   .00  .00  .00  .00 1.43  .00 3.88 0    .0
 STYH  47.6  68  80   7 26.86  .19 1.00   .00  .00  .00  .00 1.54  .00 4.02 1   1.1
 MASB  52.9 131  73   7 27.32 -.73 2.00   .00  .00  .00  .00  .00  .00  .00 0    .0
 WSL   58.1 349  90   7 27.75 -.64 3.00   .00  .00  .00  .00 1.36  .00 3.98 2   2.7
 SSP   62.5 141  65   7 29.74 -.52 3.00   .00  .00  .00  .00 1.86  .00 4.54 0    .0
 ELD   72.3  75  82   7 30.50  .13 3.00   .00  .00  .00 1.14 1.17 3.94 3.97 0    .0
 CHN5  73.5  28  68   7 30.72  .26 3.00   .00  .00  .00  .00 2.09  .00 4.91 0    .0
 WTK   75.3   4  82   7 30.87 -.09 3.00   .00  .00  .00  .00  .00  .00  .00 0    .0
 SCZ   76.4 144  71   7 30.97 -.34 3.00   .00  .00  .00 1.21 1.21 4.07 4.07 0    .0
 ECL   77.9 124  99   7 31.01 -.48 4.00   .00  .00  .00  .89  .00 3.76  .00 0    .0
 TWGB  78.1 106  68   7 31.20  .08 3.00   .00  .00  .00  .00  .00  .00  .00 0    .0
