 2016 2 52145 59.342254.4512034.92 14.391.9127  9.4 420.29 0.6 0.8 F 50A 
 SCS    9.4 254 139  44122.66-0.13 2.00126.21 0.89 3.00 0.00 0.00 0.00 0.00  
 SLG   11.6  34 132  44122.49-0.56 3.00126.14 0.37 2.00 0.00 0.00 0.00 0.00  
 TWM1  18.2 238 115  44123.84-0.15 2.00128.52 1.13 3.00 0.05 0.00 1.97 0.00  
 SSD   19.0 161 113  44124.19 0.08 1.00127.95 0.35 2.00 0.01-0.01 1.95 1.93  
 SGS   19.2   2 113  44122.94-1.19 3.00126.74-0.89 3.00 0.11 0.00 2.05 0.00  
 SGL   22.1 202 108  44124.49-0.09 3.00  0.00 0.00 0.00 0.10 0.00 2.10 0.00  
 SMG   23.3 163 106  44124.69-0.08 1.00128.69-0.06 1.00 0.00 0.00 0.00 0.00  
 SHH   27.1 297 101  44125.75 0.37 2.00131.96 2.16 4.00 0.00 0.00 0.00 0.00  
 SNJ   30.6 236  98  44126.78 0.85 3.00  0.00 0.00 0.00 0.00 0.63 0.00 2.79  
 CHN1  31.2 349  98  44125.79-0.25 2.00131.44 0.50 2.00-0.35 0.00 1.82 0.00  
 MASB  33.2 170  97  44126.26-0.09 1.00131.36-0.11 1.00-0.52 0.00 1.69 0.00  
 SNS   35.7 345  96  44126.53-0.22 2.00132.24 0.07 1.00 0.00 0.00 0.00 0.00  
 STYH  36.4  34  96  44126.69-0.17 2.00132.23-0.14 2.00 0.00 0.00 0.00 0.00  
 WTP   37.5   6  95  44126.88-0.16 2.00133.03 0.36 2.00-0.35 0.00 1.93 0.00  
 TWL   40.4 347  95  44127.24-0.28 2.00133.41-0.09 2.00-0.84 0.00 1.49 0.00  
 TPUB  43.8   6  94  44127.74-0.32 2.00133.72-0.71 3.00-0.77 0.00 1.61 0.00  
 SSP   47.0 181  75  44128.89 0.32 3.00  0.00 0.00 0.00 0.00 0.00 0.00 0.00  
 CHN4  49.2   1  75  44128.87-0.04 1.00136.10 0.19 2.00-0.37 0.00 2.10 0.00  
 TWGB  52.0 101  75  44130.02 0.66 3.00137.55 0.86 3.00-0.64 0.00 1.87 0.00  
 ECL   52.1 131  75  44129.34-0.02 2.00135.90-0.80 3.00-0.68 0.00 1.83 0.00  
 ELD   54.9  55  75  44130.02 0.21 2.00137.25-0.22 2.00-0.82 0.00 1.73 0.00  
 LONT  56.2  90  75  44130.63 0.62 3.00138.64 0.83 3.00 0.00 0.00 0.00 0.00  
 ICHU  59.0 328  75  44130.04-0.40 2.00138.61 0.05 2.00 0.00 0.00 0.00 0.00 1   0.9
 SCZ   59.7 175  75  44130.47-0.08 2.00  0.00 0.00 0.00-0.87 0.00 1.75 0.00  
 ALS   70.6  19  75  44132.32 0.06 2.00142.06 0.35 3.00-0.92 0.00 1.84 0.00  
 CHN5  77.0   7  75  44133.56 0.31 2.00143.84 0.40 2.00 0.00 0.00 0.00 0.00  
 SLIU  79.7 163  75  44133.77 0.09 2.00146.54 2.37 4.00 0.00 0.00 0.00 0.00  
