 2016 2 52148 43.172254.6912034.64 20.521.0410  9.01220.29 1.2 1.6 F 15B 
 SCS    9.0 251 152  48 47.38 0.00 4.00  0.00 0.00 0.00 0.00 0.00 0.00 0.00  
 SLG   11.5  38 146  48 47.07-0.52 3.00 50.82 0.00 3.00 0.00 0.00 0.00 0.00  
 SGS   18.8   4 130  48  0.00 0.00 0.00 51.83-0.37 3.00-0.97 0.00 1.06 0.00  
 SSD   19.6 160 128  48 48.43-0.07 2.00 52.60 0.21 2.00-1.03 0.00 1.02 0.00  
 SMG   23.9 163 121  48 48.71-0.35 3.00 53.23-0.14 3.00 0.00 0.00 0.00 0.00  
 SHH   26.5 297 118  48  0.00 0.00 0.00 54.24 0.25 3.00 0.00 0.00 0.00 0.00  
 CHN1  30.7 350 113  48 49.79-0.24 3.00  0.00 0.00 0.00-1.11 0.00 1.11 0.00  
 MASB  33.7 170 110  48 50.30-0.17 4.00 55.91 0.10 2.00-1.45 0.00 0.82 0.00  
 STYH  36.3  35 108  48  0.00 0.00 0.00 56.93 0.44 3.00 0.00 0.00 0.00 0.00  
 WTP   37.1   7 107  48 50.92-0.06 3.00 57.41 0.71 3.00-1.11 0.00 1.21 0.00  
