 2016 2 52111 19.392258.2012026.51 20.032.8137 10.7114 .29  .3  .4 F 66B
 SCS   10.7 141 137  11   .00  .00  .00 28.79  .85 3.00  .00  .00  .00  .00 2   4.1
 SHH   11.1 292 135  11 24.30 -.29 2.00 28.32 -.22 2.00  .00 1.04  .00 2.95 0    .0
 CHN3  14.1 326 128  11 24.84  .16 2.00 29.27  .35 2.00  .89  .95 2.84 2.90 0    .0
 TWM1  16.5 177 126  11 25.65  .53 2.00   .00  .00  .00  .55  .00 2.54  .00 0    .0
 SGS   19.5  57 124  11 24.42 -.68 2.00 28.98 -.36 2.00  .29  .00 2.33  .00 0    .0
 SLG   21.0  82 121  11 25.24 -.03 2.00 29.74  .24 2.00  .00  .57  .00 2.63 1    .7
 TAI1  22.2 290 109  11 25.69  .16 3.00 30.43  .28 3.00  .37  .00 2.45  .00 0    .0
 SSH   24.2 326 120  11 25.86  .19 2.00 31.68  .83 2.00  .00  .00  .00  .00 0    .0
 CHN1  25.4  20 103  11 25.92 -.17 2.00 30.63 -.21 2.00  .21  .00 2.34  .00 0    .0
 SNS   28.2  11 102  11 26.44  .05 2.00 31.44 -.02 2.00  .00  .00  .00  .00 0    .0
 SSD   32.2 136 113  11 26.66 -.05 2.00 32.23  .15 2.00  .33  .37 2.57 2.61 0    .0
 TWL   33.1  11 101  11 27.22  .08 2.00 32.70 -.10 2.00 -.23  .00 2.03  .00 0    .0
 SCL   33.3 313 101  11 27.04 -.12 2.00 33.06 -.08 2.00  .46  .00 2.72  .00 0    .0
 WTP   35.5  31 100  11 27.42 -.03 2.00 33.22  .04 2.00  .17  .20 2.46 2.49 0    .0
 SMG   35.9 140 111  11 27.01 -.35 2.00 32.86 -.34 2.00  .00  .00  .00  .00 0    .0
 STYH  40.7  57  88  11 28.52  .67 2.00 34.78  .76 2.00  .00  .39  .00 2.76 0    .0
 TPUB  41.3  27  90  11 28.33  .56 2.00 34.66  .45 2.00 -.11  .00 2.27  .00 0    .0
 MASB  44.2 139  79  11 28.75 -.18 2.00 35.55 -.10 2.00 -.22  .00 2.20  .00 0    .0
 CHN4  45.0  29  91  11 28.88  .07 2.00 35.69 -.01 2.00  .01  .00 2.45  .00 0    .0
 ICHU  46.3 339  83  11 29.17  .19 2.00 36.76 -.21 2.00  .00  .48  .00 2.93 0    .0
 SSP   55.4 153  80  11 31.30 -.02 3.00 40.07  .08 3.00  .00  .00  .00  .00 0    .0
 CHY   58.3 359  77  11 30.89 -.06 2.00 39.08 -.26 2.00  .00  .00  .00  .00 0    .0
 ELD   64.2  67  89  11 31.97  .45 2.00 40.23  .37 3.00  .35  .00 3.05  .00 0    .0
 WSL   64.9 341  68  11 31.98 -.07 2.00 41.63 -.21 3.00  .00  .73  .00 3.44 1   1.3
 TWGB  67.3 104  77  11 32.42  .54 2.00 42.39  .93 2.00  .57  .00 3.31  .00 0    .0
 ECL   67.4 125 100  11 31.89 -.26 3.00   .00  .00  .00  .82  .00 3.56  .00 0    .0
 SCZ   69.1 153  78  11 32.41  .08 3.00   .00  .00  .00  .59  .00 3.35  .00 0    .0
 LONT  70.6  95  82  11 32.93  .42 3.00 42.36  .29 3.00  .00  .00  .00  .00 0    .0
 ALS   70.7  39  91  11 32.85  .10 3.00 42.58  .23 3.00  .11  .00 2.89  .00 0    .0
 CHN5  73.5   3  68  11 33.48  .36 2.00 43.70  .35 2.00  .50  .00 3.32  .00 0    .0
 WSF   76.9 344  69  11   .00  .00  .00 44.23  .16 3.00  .00  .00  .00  .00 0    .0
 EAS   77.8 147  88  11 34.58  .63 3.00   .00  .00  .00  .69  .00 3.56  .00 0    .0
 WTK   79.7 356  69  11 33.98  .01 2.00 44.56 -.58 2.00  .00  .00  .00  .00 0    .0
 WDLH  80.0   7  69  11 34.56  .69 3.00 44.83 -.17 2.00  .00  .00  .00  .00 0    .0
 WDG   85.1 293  75  11   .00  .00  .00 44.60 -.54 3.00  .00  .30  .00 3.22 0    .0
 SLIU  91.1 155  51  11 36.24 -.19 3.00   .00  .00  .00  .00  .00  .00  .00 0    .0
 WJS   98.8   4  70  11 36.92  .04 4.00 49.84 -.01 2.00  .00  .00  .00  .00 0    .0
