 2016 2 52144 31.272259.8612036.76 15.811.8313  3.5 760.30 0.9 1.0 F 26A 
 SLG    3.5  97 166  44 34.28-0.17 1.00 37.98 1.19 3.00 0.00 0.00 0.00 0.00  
 SGS    9.4 346 143  44 34.10-0.80 1.00 37.66 0.11 1.00 0.15 0.00 1.94 0.00  
 SCS   17.4 224 122  44 35.91 0.03 2.00 39.25-0.02 2.00 0.00 0.00 0.00 0.00  
 CHN1  22.5 337 113  44 36.47-0.16 1.00 40.69 0.13 1.00 0.03 0.00 2.06 0.00  
 STYH  26.5  40 108  44 37.48 0.23 2.00 41.99 0.35 2.00 0.00 0.00 0.00 0.00  
 SHH   27.3 275 107  44 37.52 0.15 2.00 43.37 1.53 3.00 0.00 0.00 0.00 0.00  
 WTP   27.3   2 107  44 37.39 0.02 1.00 42.56 0.71 3.00-0.25 0.00 1.86 0.00  
 SNS   27.3 334 107  44 37.02-0.36 2.00 41.91 0.06 1.00 0.00 0.00 0.00 0.00  
 SSD   28.2 174 106  44 37.66 0.14 2.00 42.18 0.09 3.00-0.19 0.00 1.94 0.00  
 SMG   32.5 174 102  44 38.15-0.05 2.00 42.32-0.96 2.00 0.00 0.00 0.00 0.00  
 TPUB  33.6   2 102  44 38.22-0.15 2.00 43.44-0.13 2.00-0.67 0.00 1.56 0.00  
 CHN4  39.2 357  99  44 38.95-0.32 1.00 45.19 0.07 2.00-0.19 0.00 2.13 0.00  
 MASB  42.8 177  75  44 39.83 0.05 2.00 46.54 0.53 2.00-1.02 0.00 1.36 0.00  
