2020-10-28T04:52:31.922Z  -71.7090 -34.8891  58.28 5.5
2020-10-28T04:13:41.983Z -173.4182  53.2014 233.22 5.5
2020-10-26T08:26:35.784Z  121.5429   0.5849  90.02 5.1
2020-10-25T12:47:59.705Z  -92.5237  14.8012  71.22 5.1
2020-10-25T11:04:46.376Z  161.5334 -10.2591  66.35 5.1
2020-10-25T00:56:47.381Z  107.9679  -8.0090  57.11 5.4
2020-10-23T19:00:45.738Z  167.1218 -14.9843 108.65 5.2
2020-10-23T07:04:32.004Z -179.9645 -25.6127 463.90 6.1
2020-10-22T08:24:06.992Z -176.6074 -20.8778 237.63 5.8
2020-10-22T06:14:24.820Z  149.5514  -5.5515 181.04 5.1
2020-10-20T13:20:02.357Z  146.2428  17.9542  98.35 5.2
2020-10-19T14:11:57.710Z  126.6203  -7.1522 370.52 5.2
2020-10-17T04:48:04.915Z  150.0054  45.3660  60.00 5.2
2020-10-16T20:06:27.817Z  120.2743  13.6651  63.07 5.4
2020-10-12T06:06:56.568Z  -91.6601  14.6237 100.49 5.1
2020-10-12T00:28:31.490Z  139.3662  29.4554 407.74 5.1
2020-10-10T17:38:00.874Z   93.4817  24.6316  54.60 5.4
2020-10-08T23:14:35.759Z  146.2885  -6.2472 105.33 5.1
2020-10-08T15:48:26.909Z  -25.5913 -58.9377  79.34 5.2
2020-10-08T07:35:32.224Z  146.1686  -6.1140 103.49 6.3
2020-10-06T10:11:46.688Z -178.4762 -18.0101 633.92 6.0
2020-10-05T19:04:00.506Z  145.3366  19.8719 131.04 5.3
2020-10-04T18:16:53.854Z  120.7662  13.6078 121.85 5.6
2020-10-04T09:17:28.665Z  155.2244  49.0695  53.22 5.1
2020-10-04T03:35:23.787Z  166.4353 -12.4267  96.35 5.1
2020-10-03T09:31:35.227Z  140.8977  33.5204  59.21 5.5
2020-10-02T23:31:13.069Z  145.9612  18.8312  78.07 5.2
2020-10-01T11:05:38.557Z   26.7810  36.7633 151.86 5.1
2020-10-01T10:34:48.481Z  148.6576  -6.0867 109.22 6.0
